2.010356112597776246e+03 -3.044388747279608981e-02 1.761865822238896095e-01 -1.360035891242029891e+02
2.016819999999999936e+03 -6.366086202115982251e-02 5.214891668836948990e-02 1.359623190728080999e+03
2.016861200000000053e+03 -6.330222622978100289e-02 5.055649684488845719e-02 1.385292984919725313e+03
2.016902399999999943e+03 -6.292210003819913300e-02 4.894692125574267444e-02 1.411819717649734457e+03
2.016943600000000060e+03 -6.251947904574492454e-02 4.731985539571745281e-02 1.439259407131039779e+03
2.016984799999999950e+03 -6.209328031150794514e-02 4.567495294980887521e-02 1.467673386101449069e+03
2.017026000000000067e+03 -6.164233369875502661e-02 4.401185591896276950e-02 1.497128964360722648e+03
2.017067199999999957e+03 -6.116537203169512132e-02 4.233019505385739178e-02 1.527700191243865447e+03
2.017108400000000074e+03 -6.066101949454608816e-02 4.062958946608598298e-02 1.559468759356656165e+03
2.017149599999999964e+03 -6.012777851590470068e-02 3.890964740239129943e-02 1.592525039461313554e+03
2.017190800000000081e+03 -5.956401449052289160e-02 3.716996706815865054e-02 1.626969296215222585e+03
2.017231999999999971e+03 -5.896793793786025278e-02 3.541013772174046031e-02 1.662913119112249888e+03
2.017273200000000088e+03 -5.833758360222453948e-02 3.362974128307846811e-02 1.700481111337034235e+03
2.017314399999999978e+03 -5.767078594267814606e-02 3.182835490979002424e-02 1.739812885885519563e+03
2.017355600000000095e+03 -5.696515009377313421e-02 3.000555446360274672e-02 1.781065443854921114e+03
2.017396799999999985e+03 -5.621801725975914682e-02 2.816091922352442420e-02 1.824416020712222462e+03
2.017438000000000102e+03 -5.542642327581209089e-02 2.629403846274033438e-02 1.870065504904929185e+03
2.017479199999999992e+03 -5.458704858939868176e-02 2.440452042020018614e-02 1.918242566710510800e+03
2.017520400000000109e+03 -5.369615744021676018e-02 2.249200457237077178e-02 1.969208668007163396e+03
2.017561599999999999e+03 -5.274952333520430137e-02 2.055617851232253643e-02 2.023264166818308240e+03
2.017602800000000116e+03 -5.174233686121827713e-02 1.859680109173571239e-02 2.080755790158463242e+03
2.017644000000000005e+03 -5.066909059506680829e-02 1.661373443765551752e-02 2.142085810361010317e+03
2.017685199999999895e+03 -4.952343412299364811e-02 1.460698891001808303e-02 2.207723324196814701e+03
2.017726400000000012e+03 -4.829798886176345230e-02 1.257678582305304243e-02 2.278218137484366707e+03
2.017767599999999902e+03 -4.698410934073329187e-02 1.052364736173088018e-02 2.354217741092005326e+03
2.017808800000000019e+03 -4.557157063049967899e-02 8.448525745349559982e-03 2.436487857817965505e+03
2.017849999999999909e+03 -4.404815377423004774e-02 6.352992937507545568e-03 2.525936634543133096e+03
2.017920000000000073e+03 -4.116222254172019479e-02 2.753458178530870937e-03 2.697514575885358681e+03
2.017936842105263167e+03 -4.040350192724591338e-02 1.881907570923298592e-03 2.743066716464391902e+03
2.017953684210526262e+03 -3.961661524358495168e-02 1.009062336098586268e-03 2.790485642255041057e+03
2.017970526315789584e+03 -3.879972276984475221e-02 1.354721747671002938e-04 2.839884030240346874e+03
2.017987368421052679e+03 -3.795079394283734642e-02 -7.382080797522890458e-04 2.891379113589202007e+03
2.018004210526315774e+03 -3.706758067248747124e-02 -1.611196823774414637e-03 2.945091125738468691e+03
2.018021052631578868e+03 -3.614758612933337278e-02 -2.482558793364906483e-03 3.001140750369987472e+03
2.018037894736842190e+03 -3.518802813403935220e-02 -3.351171466979908746e-03 3.059645102077592128e+03
2.018054736842105285e+03 -3.418579603894772445e-02 -4.215682907128149616e-03 3.120711539970564445e+03
2.018071578947368380e+03 -3.313740006184498488e-02 -5.074458337457607437e-03 3.184428259599834746e+03
2.018088421052631475e+03 -3.203891162829292094e-02 -5.925512129967336339e-03 3.250850104911502967e+03
2.018105263157894797e+03 -3.088589340281054293e-02 -6.766420510676098184e-03 3.319977237688063724e+03
2.018122105263157891e+03 -2.967331756142951166e-02 -7.594208847074462518e-03 3.391723101209227025e+03
2.018138947368420986e+03 -2.839547146235731415e-02 -8.405205035299479280e-03 3.465866239674977351e+03
2.018155789473684308e+03 -2.704585073070556178e-02 -9.194847732259103096e-03 3.541977687937789142e+03
2.018172631578947403e+03 -2.561704218030799035e-02 -9.957434286340459406e-03 3.619311284586394322e+03
2.018189473684210498e+03 -2.410060366312362715e-02 -1.068578850882612348e-02 3.696637746058826906e+03
2.018206315789473592e+03 -2.248695714089939818e-02 -1.137082313509170904e-02 3.771993962440204086e+03
2.018223157894736914e+03 -2.076532836450424233e-02 -1.200096762328066967e-02 3.842306609526975990e+03
2.018240000000000009e+03 -1.892379816426223091e-02 -1.256143284194049040e-02 3.902836044792438315e+03
2.018279999999999973e+03 -1.399485656066511673e-02 -1.349216167710228821e-02 3.958052798617161898e+03
2.018289523809523871e+03 -1.269291703952654324e-02 -1.360049049118710468e-02 3.938123687683942990e+03
2.018299047619047542e+03 -1.133830251785099621e-02 -1.365218449811172671e-02 3.898234475867247511e+03
2.018308571428571440e+03 -9.930622120659668081e-03 -1.363974854922815096e-02 3.833876908524119244e+03
2.018318095238095339e+03 -8.470662972047083780e-03 -1.355522231535259171e-02 3.740175327454473063e+03
2.018327619047619010e+03 -6.960785172850729972e-03 -1.339046617361548501e-02 3.612237210602648247e+03
2.018337142857142908e+03 -5.405327836138167086e-03 -1.313760478177693203e-02 3.445724961102264842e+03
2.018346666666666579e+03 -3.810954064269503859e-03 -1.278963665654211240e-02 3.237646372226020958e+03
2.018356190476190477e+03 -2.186831270283736122e-03 -1.234117526010041280e-02 2.987268785678590120e+03
2.018365714285714375e+03 -5.445307807308832557e-04 -1.178922602689101533e-02 2.696940151351971963e+03
2.018375238095238046e+03 1.102439562753338050e-03 -1.113384389579814837e-02 2.372509895289024826e+03
2.018384761904761945e+03 2.739472932532512322e-03 -1.037849197761877597e-02 2.023073530107320948e+03
2.018394285714285616e+03 4.351957114959168968e-03 -9.529966004821532888e-03 1.659966249269590435e+03
2.018403809523809514e+03 5.926411006444178009e-03 -8.597861565841325229e-03 1.295231618831410970e+03
2.018413333333333412e+03 7.451426978098072730e-03 -7.593696088029288326e-03 9.400153369658103202e+02
2.018422857142857083e+03 8.918249732317619360e-03 -6.529888934792093744e-03 6.033357468153220680e+02
2.018432380952380981e+03 1.032094385899672007e-02 -5.418810549904412403e-03 2.914768815424402533e+02
2.018441904761904652e+03 1.165621487413287354e-02 -4.272046882943716234e-03 7.986477930637120082e+00
2.018451428571428551e+03 1.292300892549058146e-02 -3.099933991656858654e-03 -2.459129262177741566e+02
2.018460952380952449e+03 1.412202001718292424e-02 -1.911342851288945488e-03 -4.707315778541021132e+02
2.018470476190476120e+03 1.525520250902277428e-02 -7.136544002404321407e-04 -6.681181668778740459e+02
2.018480000000000018e+03 1.632534572465447684e-02 4.871434179381424218e-04 -8.403624099165892858e+02
2.018519999999999982e+03 2.020863353938820439e-02 5.474652204157191143e-03 -1.346453468909204275e+03
2.018538947368421077e+03 2.175461175253222065e-02 7.771180652831467632e-03 -1.497065366696387400e+03
2.018557894736842172e+03 2.314582078509164545e-02 1.001296481904638547e-02 -1.609341796336273546e+03
2.018576842105263268e+03 2.440290424620870924e-02 1.219712662293998863e-02 -1.692901107188841252e+03
2.018595789473684135e+03 2.554335386280676135e-02 1.432329459313083295e-02 -1.754854046210231672e+03
2.018614736842105231e+03 2.658189215639603087e-02 1.639254907880763334e-02 -1.800440978158299913e+03
2.018633684210526326e+03 2.753089930133969382e-02 1.840677385638369787e-02 -1.833535835326084680e+03
2.018652631578947421e+03 2.840080962471150036e-02 2.036826110403553575e-02 -1.857020822447676437e+03
2.018671578947368516e+03 2.920045333576844204e-02 2.227947297576574753e-02 -1.873057648182840467e+03
2.018690526315789384e+03 2.993734068582818222e-02 2.414289959200418764e-02 -1.883281884663260598e+03
2.018709473684210479e+03 3.061789421830874922e-02 2.596097651462328515e-02 -1.888942067657251982e+03
2.018728421052631575e+03 3.124763711553743897e-02 2.773603884637205336e-02 -1.890999607678424582e+03
2.018747368421052670e+03 3.183134558946233705e-02 2.947029782556715577e-02 -1.890201007202438632e+03
2.018766315789473765e+03 3.237317230123668010e-02 3.116583116525005123e-02 -1.887130467642969734e+03
2.018785263157894633e+03 3.287674661855911895e-02 3.282458171808191189e-02 -1.882248537723723302e+03
2.018804210526315728e+03 3.334525633033178643e-02 3.444836085369767931e-02 -1.875920757266422697e+03
2.018823157894736823e+03 3.378151464874740856e-02 3.603885474594471089e-02 -1.868439072219742002e+03
2.018842105263157919e+03 3.418801531761381240e-02 3.759763181448105146e-02 -1.860037984320052601e+03
2.018861052631579014e+03 3.456697826848641880e-02 3.912615089318242229e-02 -1.850906830603612661e+03
2.018880000000000109e+03 3.492038758755656308e-02 4.062576938291258266e-02 -1.841199195627810013e+03
2.018950000000000045e+03 3.603186049580203026e-02 4.593528462626266656e-02 -1.802158145675544802e+03
2.018989600000000110e+03 3.654404105736257929e-02 4.879255796415329915e-02 -1.778898925989641612e+03
2.019029199999999946e+03 3.698471918456648633e-02 5.155449319399837277e-02 -1.755362674762966435e+03
2.019068800000000010e+03 3.736200723996072059e-02 5.422817394097531607e-02 -1.731828509357279017e+03
2.019108400000000074e+03 3.768272300700389182e-02 5.681983437872678566e-02 -1.708483619352403821e+03
2.019147999999999911e+03 3.795265043707297947e-02 5.933499031914309108e-02 -1.685452493484254319e+03
2.019187599999999975e+03 3.817673821305209853e-02 6.177854650598738756e-02 -1.662816390285497164e+03
2.019227200000000039e+03 3.835925307347370222e-02 6.415488542124055116e-02 -1.640626510547942871e+03
2.019266800000000103e+03 3.850389958533887574e-02 6.646794034795344697e-02 -1.618913039246880544e+03
2.019306399999999940e+03 3.861391482739606057e-02 6.872125648089888461e-02 -1.597691422088448235e+03
2.019346000000000004e+03 3.869214397604266858e-02 7.091804190890181603e-02 -1.576966770801845996e+03
2.019385600000000068e+03 3.874110122992948518e-02 7.306121040232609054e-02 -1.556736982385801639e+03
2.019425199999999904e+03 3.876301935515932828e-02 7.515341764925652368e-02 -1.536994962652380536e+03
2.019464799999999968e+03 3.875989029902698890e-02 7.719709202953528582e-02 -1.517730220760886368e+03
2.019504400000000032e+03 3.873349873391363635e-02 7.919446087623129016e-02 -1.498930017347402327e+03
2.019544000000000096e+03 3.868544995667696357e-02 8.114757299970475068e-02 -1.480580193065494086e+03
2.019583599999999933e+03 3.861719324528593844e-02 8.305831808729960408e-02 -1.462665766739743958e+03
2.019623199999999997e+03 3.853004153229344642e-02 8.492844348383535302e-02 -1.445171366339837277e+03
2.019662800000000061e+03 3.842518806846816765e-02 8.675956881016611000e-02 -1.428081537583863792e+03
2.019702399999999898e+03 3.830372060896470449e-02 8.855319876358089259e-02 -1.411380962746163732e+03
2.019741999999999962e+03 3.816663356113444289e-02 9.031073420555925380e-02 -1.395054614979698044e+03
2.019781600000000026e+03 3.801483843443759919e-02 9.203348190669208284e-02 -1.379087864174429114e+03
2.019821200000000090e+03 3.784917286079905741e-02 9.372266323188446768e-02 -1.363466546253983552e+03
2.019860799999999927e+03 3.767040839834351340e-02 9.537942198872829958e-02 -1.348177004765312859e+03
2.019900399999999991e+03 3.747925737081551217e-02 9.700483094249934268e-02 -1.333206117568775426e+03
2.019940000000000055e+03 3.727637882547745612e-02 9.859989788814407796e-02 -1.318541306646497560e+03
2.020049999999999955e+03 3.665624026490818532e-02 1.028791628835451083e-01 -1.279313079035741112e+03
2.020122413793103533e+03 3.620671459373402817e-02 1.055812568002124224e-01 -1.254612757089350680e+03
2.020194827586206884e+03 3.572772774576829513e-02 1.081974978870118148e-01 -1.230732944643621749e+03
2.020267241379310235e+03 3.522174265924670616e-02 1.107320304241492942e-01 -1.207618228974453359e+03
2.020339655172413813e+03 3.469095247846882418e-02 1.131886274432110789e-01 -1.185217875228684989e+03
2.020412068965517165e+03 3.413731894205033340e-02 1.155707360759402474e-01 -1.163485411641881001e+03
2.020484482758620743e+03 3.356260418551038766e-02 1.178815158894339632e-01 -1.142378236977834604e+03
2.020556896551724094e+03 3.296839725149439126e-02 1.201238716028996401e-01 -1.121857255650531670e+03
2.020629310344827672e+03 3.235613638720703789e-02 1.223004809625456851e-01 -1.101886545061716788e+03
2.020701724137931024e+03 3.172712766270638363e-02 1.244138194979819700e-01 -1.082433046731478044e+03
2.020774137931034375e+03 3.108256101561902157e-02 1.264661810474799197e-01 -1.063466295975737012e+03
2.020846551724137953e+03 3.042352399868737678e-02 1.284596955640364968e-01 -1.044958179158465555e+03
2.020918965517241304e+03 2.975101306317255723e-02 1.303963462201016277e-01 -1.026882701377252943e+03
2.020991379310344882e+03 2.906594407503111308e-02 1.322779819596779649e-01 -1.009215801123910865e+03
2.021063793103448234e+03 2.836916063061286838e-02 1.341063309230774159e-01 -9.919351619716870800e+02
2.021136206896551812e+03 2.766144188158976835e-02 1.358830105591760373e-01 -9.750200602688117897e+02
2.021208620689655163e+03 2.694350897614387896e-02 1.376095376741545140e-01 -9.584512183747054905e+02
2.021281034482758514e+03 2.621603097335652166e-02 1.392873366505396615e-01 -9.422106798123065801e+02
2.021353448275862092e+03 2.547962969561383406e-02 1.409177476059690348e-01 -9.262816891828908865e+02
2.021425862068965444e+03 2.473488469483598254e-02 1.425020321353234198e-01 -9.106485993627921971e+02
2.021498275862069022e+03 2.398233627391949119e-02 1.440413814607262033e-01 -8.952967585305084413e+02
2.021570689655172373e+03 2.322249040973645498e-02 1.455369189800432839e-01 -8.802124555583163783e+02
2.021643103448275951e+03 2.245582034737321486e-02 1.469897083882534539e-01 -8.653828129057642400e+02
2.021715517241379303e+03 2.168277027155965028e-02 1.484007563219686410e-01 -8.507957364195315222e+02
2.021787931034482654e+03 2.090375843010697926e-02 1.497710154000706784e-01 -8.364398643794833106e+02
2.021860344827586232e+03 2.011917746030784243e-02 1.511013913458532920e-01 -8.223044756784133824e+02
2.021932758620689583e+03 1.932939778295300615e-02 1.523927437709659272e-01 -8.083794652001301984e+02
2.022005172413793161e+03 1.853476989716061618e-02 1.536458885728026746e-01 -7.946553051213500112e+02
2.022077586206896513e+03 1.773562484986735896e-02 1.548616026808045665e-01 -7.811229818607218931e+02
2.022150000000000091e+03 1.693227550332432677e-02 1.560406267969643157e-01 -7.677739548213602347e+02
2.022400000000000091e+03 1.413052442011479039e-02 1.598386484977872557e-01 -7.229874289248776904e+02
2.022550943396226330e+03 1.242096505535972978e-02 1.619351496286240422e-01 -6.968327203360311159e+02
2.022701886792452797e+03 1.070051519916249104e-02 1.638898771271377064e-01 -6.712747167696740007e+02
2.022852830188679263e+03 8.971097529928874145e-03 1.657074633683558729e-01 -6.462618466312129613e+02
2.023003773584905730e+03 7.234471855238911071e-03 1.673921457380900812e-01 -6.217471372383085964e+02
2.023154716981131969e+03 5.492258969185116572e-03 1.689478059611083938e-01 -5.976876478064311868e+02
2.023305660377358436e+03 3.745957400462388356e-03 1.703780076351918693e-01 -5.740439342460763328e+02
2.023456603773584902e+03 1.996960391792989859e-03 1.716860260809003058e-01 -5.507796272407966853e+02
2.023607547169811369e+03 2.465691139937340793e-04 1.728748756300362566e-01 -5.278610482895795712e+02
2.023758490566037835e+03 -1.503995706154201461e-03 1.739473331560884850e-01 -5.052568794344003891e+02
2.023909433962264075e+03 -3.253582851814796305e-03 1.749059581813413866e-01 -4.829378855129589851e+02
2.024060377358490541e+03 -5.001102642211343458e-03 1.757531114922978033e-01 -4.608766498709628650e+02
2.024211320754717008e+03 -6.745517724641406261e-03 1.764909703028256227e-01 -4.390473691946323243e+02
2.024362264150943474e+03 -8.485837430297678979e-03 1.771215429060969127e-01 -4.174256396138910077e+02
2.024513207547169714e+03 -1.022111005308502449e-02 1.776466804208566286e-01 -3.959882996368395425e+02
2.024664150943396180e+03 -1.195041863990117630e-02 1.780680882523209274e-01 -3.747132551961855143e+02
2.024815094339622647e+03 -1.367287450143190100e-02 1.783873353596426292e-01 -3.535793548283107270e+02
2.024966037735849113e+03 -1.538761384676263014e-02 1.786058631757881932e-01 -3.325662447382156870e+02
2.025116981132075580e+03 -1.709379240667528721e-02 1.787249930088081196e-01 -3.116542640850411772e+02
2.025267924528301819e+03 -1.879058231957635508e-02 1.787459329302343580e-01 -2.908243254395748068e+02
2.025418867924528286e+03 -2.047716797274975326e-02 1.786697836958743013e-01 -2.700578187616832224e+02
2.025569811320754752e+03 -2.215274255182316313e-02 1.784975440682399495e-01 -2.493365154709220803e+02
2.025720754716981219e+03 -2.381650524438803582e-02 1.782301154105616903e-01 -2.286424714131902647e+02
2.025871698113207458e+03 -2.546765708364727779e-02 1.778683059021024249e-01 -2.079579521017214176e+02
2.026022641509433925e+03 -2.710539921954483247e-02 1.774128338617397271e-01 -1.872653317122285159e+02
2.026173584905660391e+03 -2.872892862870842293e-02 1.768643310775236399e-01 -1.665470265957190747e+02
2.026324528301886858e+03 -3.033743590916620700e-02 1.762233452712628767e-01 -1.457854039811865334e+02
2.026475471698113097e+03 -3.193010244787372609e-02 1.754903421775955985e-01 -1.249626982566224882e+02
2.026626415094339563e+03 -3.350609647533848295e-02 1.746657077791181067e-01 -1.040609405679288955e+02
2.026777358490566030e+03 -3.506457151496786273e-02 1.737497490142710932e-01 -8.306185440186810354e+01
2.026928301886792497e+03 -3.660466201462589386e-02 1.727426954217656796e-01 -6.194678411778509286e+01
2.027079245283018963e+03 -3.812548034147094506e-02 1.716446998106263000e-01 -4.069660047175246120e+01
2.027230188679245202e+03 -3.962611455664741267e-02 1.704558377342381137e-01 -1.929158754393982633e+01
2.027381132075471669e+03 -4.110562313623929154e-02 1.691761087142013009e-01 2.288636374436614940e+00
2.027532075471698136e+03 -4.256303224495044946e-02 1.678054351660618060e-01 2.406524393920170724e+01
2.027683018867924602e+03 -4.399733224980842405e-02 1.663436610428853657e-01 4.606032728714675528e+01
2.027833962264150841e+03 -4.540747163757682253e-02 1.647905524647472475e-01 6.829700220044323089e+01
2.027984905660377308e+03 -4.679235425781280017e-02 1.631457943267426436e-01 9.079958086124136685e+01
2.028135849056603774e+03 -4.815083343619734613e-02 1.614089891178352165e-01 1.135937187911386275e+02
2.028286792452830241e+03 -4.948170553632930818e-02 1.595796558434121881e-01 1.367065757352318656e+02
2.028437735849056708e+03 -5.078370611649684480e-02 1.576572242331947260e-01 1.601670513933661937e+02
2.028588679245282947e+03 -5.205550091272696106e-02 1.556410344801569534e-01 1.840059680484783087e+02
2.028739622641509413e+03 -5.329567916394790938e-02 1.535303325019120035e-01 2.082563333736806044e+02
2.028890566037735880e+03 -5.450274658208843076e-02 1.513242631468643962e-01 2.329536508500521279e+02
2.029041509433962347e+03 -5.567511324749060964e-02 1.490218699696901350e-01 2.581361883910470851e+02
2.029192452830188586e+03 -5.681108614207639601e-02 1.466220839180208679e-01 2.838454111466990639e+02
2.029343396226415052e+03 -5.790885517231351282e-02 1.441237206043611829e-01 3.101263653130060902e+02
2.029494339622641519e+03 -5.896648002983890385e-02 1.415254724883180104e-01 3.370281766519433404e+02
2.029645283018867985e+03 -5.998187664410108838e-02 1.388258957034103069e-01 3.646046726550274002e+02
2.029796226415094225e+03 -6.095279598452644360e-02 1.360234095642718910e-01 3.929149594861901278e+02
2.029947169811320691e+03 -6.187680837050021226e-02 1.331162731696256818e-01 4.220243371124556120e+02
2.030098113207547158e+03 -6.275127611450197207e-02 1.301025836145743020e-01 4.520051224047363689e+02
2.030249056603773624e+03 -6.357332726937850453e-02 1.269802599521357989e-01 4.829377757361753538e+02
2.030400000000000091e+03 -6.433982711164175361e-02 1.237470132455419092e-01 5.149123602826364277e+02
2.030650000000000091e+03 -6.547777056060692658e-02 1.181411602537388028e-01 5.704387659577580507e+02
2.030726206896551730e+03 -6.578979404279813870e-02 1.163685408601824872e-01 5.880690945349963386e+02
2.030802413793103369e+03 -6.608457299962036680e-02 1.145654257492277617e-01 6.060582899586366921e+02
2.030878620689655236e+03 -6.636151560338614253e-02 1.127313932875250169e-01 6.244251300921783923e+02
2.030954827586206875e+03 -6.661999626602012337e-02 1.108660048261230907e-01 6.431896922334231022e+02
2.031031034482758514e+03 -6.685935363703413015e-02 1.089687993103575919e-01 6.623735238022533167e+02
2.031107241379310381e+03 -6.707888764915377611e-02 1.070392910605475201e-01 6.819997965381460290e+02
2.031183448275862020e+03 -6.727785571878086568e-02 1.050769721799758027e-01 7.020934304881294565e+02
2.031259655172413886e+03 -6.745546930922138862e-02 1.030813093810473008e-01 7.226812935103181417e+02
2.031335862068965525e+03 -6.761089002701538286e-02 1.010517395570766780e-01 7.437924369179394262e+02
2.031412068965517165e+03 -6.774322453862362259e-02 9.898767368867404659e-02 7.654582709225069266e+02
2.031488275862069031e+03 -6.785151984094210664e-02 9.688848993546232691e-02 7.877128821308180022e+02
2.031564482758620670e+03 -6.793475727928673102e-02 9.475353405541160623e-02 8.105933106394153356e+02
2.031640689655172309e+03 -6.799184607035525796e-02 9.258211722282487510e-02 8.341398952893181331e+02
2.031716896551724176e+03 -6.802161600146881815e-02 9.037351135840268612e-02 8.583966950747742430e+02
2.031793103448275815e+03 -6.802280901335368279e-02 8.812695038964246663e-02 8.834119038236659662e+02
2.031869310344827682e+03 -6.799406977134345165e-02 8.584162238676711076e-02 9.092384335006283891e+02
2.031945517241379321e+03 -6.793393483807333433e-02 8.351667169833333626e-02 9.359344687224723884e+02
2.032021724137930960e+03 -6.784082020352735776e-02 8.115119031280386419e-02 9.635642402196864396e+02
2.032097931034482826e+03 -6.771300711634430092e-02 7.874421874723015746e-02 9.921988083822028557e+02
2.032174137931034466e+03 -6.754862543988525425e-02 7.629473803189909531e-02 1.021917092749047470e+03
2.032250344827586105e+03 -6.734563459300410559e-02 7.380166776490708347e-02 1.052807005444870811e+03
2.032326551724137971e+03 -6.710180114651277672e-02 7.126386025512346234e-02 1.084966844495318355e+03
2.032402758620689610e+03 -6.681467249666830921e-02 6.868009450188714005e-02 1.118506954444680332e+03
2.032478965517241477e+03 -6.648154603554133624e-02 6.604907180088873120e-02 1.153551694060432510e+03
2.032555172413793116e+03 -6.609943230366989442e-02 6.336940852091682563e-02 1.190241850331928845e+03
2.032631379310344755e+03 -6.566501102802871359e-02 6.063962926183416591e-02 1.228737566248232497e+03
2.032707586206896622e+03 -6.517457833118678323e-02 5.785816024646503464e-02 1.269221923475641688e+03
2.032783793103448261e+03 -6.462398264292716632e-02 5.502332185726657027e-02 1.311905381230818648e+03
2.032859999999999900e+03 -6.400854636048926294e-02 5.213332118160790563e-02 1.357031309620386310e+03
