2.010356112597776246e+03 -3.044422001340214151e-02 1.761885067216296119e-01 1.360035886926012267e+02
2.010409814071673964e+03 -3.101002139856874271e-02 1.759228691715839232e-01 1.285951512859507773e+02
2.010463515545571681e+03 -3.157377169866861649e-02 1.756455956407748653e-01 1.211769063045476713e+02
2.010517217019469399e+03 -3.213543307198045429e-02 1.753567014116794720e-01 1.137480373312220081e+02
2.010570918493367117e+03 -3.269496742177761817e-02 1.750562005067813343e-01 1.063077228258304388e+02
2.010624619967264834e+03 -3.325233637866843728e-02 1.747441056946004434e-01 9.885513562521813924e+01
2.010678321441162325e+03 -3.380750128273954380e-02 1.744204284949890382e-01 9.138944243595280170e+01
2.010732022915060043e+03 -3.436042316549051817e-02 1.740851791836829088e-01 8.390980331890604305e+01
2.010785724388957760e+03 -3.491106273150434286e-02 1.737383667961414080e-01 7.641537116537263330e+01
2.010839425862855478e+03 -3.545938033987691695e-02 1.733799991306481381e-01 6.890529116330918669e+01
2.010893127336753196e+03 -3.600533598534665786e-02 1.730100827506972083e-01 6.137870025333574375e+01
2.010946828810650914e+03 -3.654888927911438545e-02 1.726286229866575705e-01 5.383472657347777357e+01
2.011000530284548631e+03 -3.708999942932665606e-02 1.722356239367221764e-01 4.627248889179809765e+01
2.011054231758446349e+03 -3.762862522119619912e-02 1.718310884671341854e-01 3.869109602602003406e+01
2.011107933232344067e+03 -3.816472499673485841e-02 1.714150182116955523e-01 3.108964624918523967e+01
2.011161634706241784e+03 -3.869825663407054639e-02 1.709874135705550802e-01 2.346722668039406301e+01
2.011215336180139275e+03 -3.922917752631870092e-02 1.705482737082700262e-01 1.582291265962238391e+01
2.011269037654036993e+03 -3.975744455999304094e-02 1.700975965511330179e-01 8.155767105377591975e+00
2.011322739127934710e+03 -4.028301409289208879e-02 1.696353787837789617e-01 4.648398545470057708e-01
2.011376440601832428e+03 -4.080584193147506616e-02 1.691616158450378604e-01 -7.250833017324700869e+00
2.011430142075730146e+03 -4.132588330766123058e-02 1.686763019230448357e-01 -1.499222989609628875e+01
2.011483843549627863e+03 -4.184309285503320930e-02 1.681794299495930345e-01 -2.276034435086485175e+01
2.011537545023525581e+03 -4.235742458440678454e-02 1.676709915937230899e-01 -3.055618587887704862e+01
2.011591246497423299e+03 -4.286883185873049257e-02 1.671509772545322070e-01 -3.838078067492641310e+01
2.011644947971321017e+03 -4.337726736727848253e-02 1.666193760531983481e-01 -4.623517242668705052e+01
2.011698649445218734e+03 -4.388268309909403725e-02 1.660761758242000619e-01 -5.412042313753990186e+01
2.011752350919116452e+03 -4.438503031564693113e-02 1.655213631057234902e-01 -6.203761397852849058e+01
2.011806052393013942e+03 -4.488425952265329144e-02 1.649549231292378182e-01 -6.998784617109549799e+01
2.011859753866911660e+03 -4.538032044103020718e-02 1.643768398082114945e-01 -7.797224190265480104e+01
2.011913455340809378e+03 -4.587316197690304020e-02 1.637870957259868754e-01 -8.599194527637375529e+01
2.011967156814707096e+03 -4.636273219065729922e-02 1.631856721227426255e-01 -9.404812329787961289e+01
2.012020858288604813e+03 -4.684897826495214301e-02 1.625725488815625008e-01 -1.021419669005134949e+02
2.012074559762502531e+03 -4.733184647165156189e-02 1.619477045135696014e-01 -1.102746920116161817e+02
2.012128261236400249e+03 -4.781128213761272339e-02 1.613111161421073581e-01 -1.184475406621867961e+02
2.012181962710297967e+03 -4.828722960927099572e-02 1.606627594859395269e-01 -1.266617821424898693e+02
2.012235664184195684e+03 -4.875963221595491781e-02 1.600026088414394365e-01 -1.349187142062920941e+02
2.012289365658093402e+03 -4.922843223186472439e-02 1.593306370637458946e-01 -1.432196643266001956e+02
2.012343067131990892e+03 -4.969357083663854258e-02 1.586468155468463148e-01 -1.515659910059340802e+02
2.012396768605888610e+03 -5.015498807444165874e-02 1.579511142025442627e-01 -1.599590851445696842e+02
2.012450470079786328e+03 -5.061262281146997749e-02 1.572435014383195551e-01 -1.684003714696808345e+02
2.012504171553684046e+03 -5.106641269181903808e-02 1.565239441339757731e-01 -1.768913100297810672e+02
2.012557873027581763e+03 -5.151629409160095319e-02 1.557924076170902339e-01 -1.854333977578362180e+02
2.012611574501479481e+03 -5.196220207122262402e-02 1.550488556371959203e-01 -1.940281701074613352e+02
2.012665275975377199e+03 -5.240407032572261259e-02 1.542932503386615362e-01 -2.026772027666070244e+02
2.012718977449274917e+03 -5.284183113305866014e-02 1.535255522322123978e-01 -2.113821134535436386e+02
2.012772678923172634e+03 -5.327541530022929239e-02 1.527457201650487817e-01 -2.201445638001845282e+02
2.012826380397070352e+03 -5.370475210710967673e-02 1.519537112895039399e-01 -2.289662613282275743e+02
2.012880081870968070e+03 -5.412976924786894184e-02 1.511494810301819702e-01 -2.378489615238248405e+02
2.012933783344865560e+03 -5.455039276983180557e-02 1.503329830495239439e-01 -2.467944700167475958e+02
2.012987484818763278e+03 -5.496654700964537232e-02 1.495041692117120569e-01 -2.558046448699772384e+02
2.013041186292660996e+03 -5.537815452657125770e-02 1.486629895449031180e-01 -2.648813989829909588e+02
2.013094887766558713e+03 -5.578513603277366478e-02 1.478093922016578687e-01 -2.740267026051148491e+02
2.013148589240456431e+03 -5.618741032041740802e-02 1.469433234175919478e-01 -2.832425859225664908e+02
2.013202290714354149e+03 -5.658489418546010230e-02 1.460647274683101460e-01 -2.925311415633092338e+02
2.013255992188251867e+03 -5.697750234818659693e-02 1.451735466251757034e-01 -3.018945263994980905e+02
2.013309693662149584e+03 -5.736514737123434710e-02 1.442697211122317691e-01 -3.113349602362096107e+02
2.013363395136047302e+03 -5.774773957858682361e-02 1.433531890732618885e-01 -3.208547124839241178e+02
2.013417096609945020e+03 -5.812518698802439376e-02 1.424238865796363940e-01 -3.304560516566480146e+02
2.013470798083842510e+03 -5.849739528254255250e-02 1.414817477391722977e-01 -3.401411602063956821e+02
2.013524499557740228e+03 -5.886426777916077546e-02 1.405267048000423125e-01 -3.499123058008032103e+02
2.013578201031637946e+03 -5.922570519521612453e-02 1.395586877732329367e-01 -3.597722727004244803e+02
2.013631902505535663e+03 -5.958160534037252459e-02 1.385776239039838709e-01 -3.697240921947865218e+02
2.013685603979433381e+03 -5.993186302117616687e-02 1.375834376722135932e-01 -3.797707254144620492e+02
2.013739305453331099e+03 -6.027636999771333187e-02 1.365760509218586216e-01 -3.899151298364485001e+02
2.013793006927228816e+03 -6.061501488760396433e-02 1.355553828727950882e-01 -4.001603375828758544e+02
2.013846708401126534e+03 -6.094768303761107647e-02 1.345213500684458163e-01 -4.105094851056052789e+02
2.013900409875024252e+03 -6.127425638028183297e-02 1.334738663023027627e-01 -4.209658251747953273e+02
2.013954111348921970e+03 -6.159461328066207636e-02 1.324128425364271833e-01 -4.315327345704640720e+02
2.014007812822819687e+03 -6.190862837391025719e-02 1.313381868149807175e-01 -4.422137210863145356e+02
2.014061514296717178e+03 -6.221617239351352746e-02 1.302498041733206047e-01 -4.530124307275399360e+02
2.014115215770614896e+03 -6.251711198952594750e-02 1.291475965425581407e-01 -4.639326553298043905e+02
2.014168917244512613e+03 -6.281130953610200574e-02 1.280314626494355734e-01 -4.749783406787244644e+02
2.014222618718410331e+03 -6.309862292757141555e-02 1.269012979111669992e-01 -4.861535951813444854e+02
2.014276320192308049e+03 -6.337890536218861171e-02 1.257569943250293476e-01 -4.974626991364757487e+02
2.014330021666205766e+03 -6.365200511263496841e-02 1.245984403523681949e-01 -5.089101146545786492e+02
2.014383723140103484e+03 -6.391776528226898735e-02 1.234255207966958173e-01 -5.205004962823003325e+02
2.014437424614001202e+03 -6.417602354601961712e-02 1.222381166755310833e-01 -5.322387023920692855e+02
2.014491126087898920e+03 -6.442661187472605022e-02 1.210361050856048337e-01 -5.441298074033388730e+02
2.014544827561796637e+03 -6.466935624160928542e-02 1.198193590610287795e-01 -5.561791149087607664e+02
2.014598529035694355e+03 -6.490407630943886841e-02 1.185877474239956930e-01 -5.683921717861854859e+02
2.014652230509591845e+03 -6.513058509682000119e-02 1.173411346275525513e-01 -5.807747833857845308e+02
2.014705931983489563e+03 -6.534868862187949434e-02 1.160793805899198311e-01 -5.933330298914552259e+02
2.014759633457387281e+03 -6.555818552143753697e-02 1.148023405199007640e-01 -6.060732839652150687e+02
2.014813334931284999e+03 -6.575886664359657796e-02 1.135098647327019983e-01 -6.190022297971120224e+02
2.014867036405182716e+03 -6.595051461143300320e-02 1.122017984556304970e-01 -6.321268836948037233e+02
2.014920737879080434e+03 -6.613290335525871810e-02 1.108779816229714943e-01 -6.454546163632968501e+02
2.014974439352978152e+03 -6.630579761064724076e-02 1.095382486593396154e-01 -6.589931770421158035e+02
2.015028140826875870e+03 -6.646895237912145427e-02 1.081824282507403284e-01 -6.727507196866455388e+02
2.015081842300773587e+03 -6.662211234806275639e-02 1.068103431025138467e-01 -6.867358314019870704e+02
2.015135543774671305e+03 -6.676501126602651937e-02 1.054218096832796464e-01 -7.009575633578104998e+02
2.015189245248568795e+03 -6.689737126923493704e-02 1.040166379539601837e-01 -7.154254643827727023e+02
2.015242946722466513e+03 -6.701890215475439505e-02 1.025946310811763629e-01 -7.301496167544455602e+02
2.015296648196364231e+03 -6.712930059799850080e-02 1.011555851384204341e-01 -7.451406647024274434e+02
2.015350349670261949e+03 -6.722824934465920776e-02 9.969928884722625839e-02 -7.604097225946961771e+02
2.015404051144159666e+03 -6.731541662933776538e-02 9.822552373499844613e-02 -7.759677674536255836e+02
2.015457752618057384e+03 -6.739045555104240803e-02 9.673406429773927229e-02 -7.918270658975422975e+02
2.015511454091955102e+03 -6.745300177485448467e-02 9.522467582630357585e-02 -8.080021850544836752e+02
2.015565155565852820e+03 -6.750267222388074695e-02 9.369711384675229182e-02 -8.245077133129495905e+02
2.015618857039750537e+03 -6.753906426876553348e-02 9.215112439544984047e-02 -8.413588637781663238e+02
2.015672558513648255e+03 -6.756175440466795357e-02 9.058644368304501204e-02 -8.585718119616901731e+02
2.015726259987545973e+03 -6.757029671544570459e-02 8.900279761261048472e-02 -8.761638053340581109e+02
2.015779961461443463e+03 -6.756422118308226532e-02 8.739990125680313637e-02 -8.941532600810224949e+02
2.015833662935341181e+03 -6.754303183081943052e-02 8.577745830053529197e-02 -9.125598668209662492e+02
2.015887364409238899e+03 -6.750620468024735865e-02 8.413516044752523959e-02 -9.314047081613099408e+02
2.015941065883136616e+03 -6.745318549924640694e-02 8.247268678816108145e-02 -9.507103898272373499e+02
2.015994767357034334e+03 -6.738338731419887817e-02 8.078970312621350236e-02 -9.705011872642420485e+02
2.016048468830932052e+03 -6.729618765581797668e-02 7.908586126169339647e-02 -9.908032099238333785e+02
2.016102170304829770e+03 -6.719092550315150514e-02 7.736079822714664322e-02 -1.011644585812423543e+03
2.016155871778727487e+03 -6.706689788464245683e-02 7.561413547466823426e-02 -1.033055669327367013e+03
2.016209573252625205e+03 -6.692335608838606564e-02 7.384547801098392816e-02 -1.055069275936415352e+03
2.016263274726522923e+03 -6.675950142567768641e-02 7.205441347811385178e-02 -1.077720947897642873e+03
2.016316976200420413e+03 -6.657448048231112692e-02 7.024051117745684636e-02 -1.101049255991108339e+03
2.016370677674318131e+03 -6.636737978048762310e-02 6.840332103558431631e-02 -1.125096143173499058e+03
2.016424379148215849e+03 -6.613721976020768556e-02 6.654237251098921169e-02 -1.149907317185150987e+03
2.016478080622113566e+03 -6.588294797223528954e-02 6.465717344218091522e-02 -1.175532699561779509e+03
2.016531782096011284e+03 -6.560343136453665458e-02 6.274720884964510303e-02 -1.202026900297936436e+03
2.016585483569909002e+03 -6.529744785322633138e-02 6.081194002108035457e-02 -1.229448738094874443e+03
2.016639185043806719e+03 -6.496367817182650828e-02 5.885080494756066843e-02 -1.257861956712234814e+03
2.016692886517704437e+03 -6.460069166956040887e-02 5.686321442599567844e-02 -1.287342004220867238e+03
2.016746587991602155e+03 -6.420693160310390890e-02 5.484854945682389460e-02 -1.317970104447268113e+03
2.016800289465499873e+03 -6.378070139503771996e-02 5.280616145541455753e-02 -1.349835732976019244e+03
2.016853990939397590e+03 -6.332014693591875298e-02 5.073537114185661112e-02 -1.383038521046395545e+03
2.016907692413295081e+03 -6.282323569645711925e-02 4.863546738300927874e-02 -1.417689815928591088e+03
2.016961393887192799e+03 -6.228773218676732920e-02 4.650570623179127450e-02 -1.453914518517716033e+03
2.017015095361090516e+03 -6.171116896684683550e-02 4.434531028884917264e-02 -1.491853283415965734e+03
2.017068796834988234e+03 -6.109081219410760627e-02 4.215346855851584418e-02 -1.531665168794436568e+03
2.017122498308885952e+03 -6.042362041182234439e-02 3.992933704412120199e-02 -1.573530847530467327e+03
2.017176199782783669e+03 -5.970619490684059977e-02 3.767204043258642193e-02 -1.617656523652497071e+03
2.017229901256681387e+03 -5.893471945954959629e-02 3.538067537104527122e-02 -1.664278741555363013e+03
2.017283602730579105e+03 -5.810488662087080064e-02 3.305431606268656453e-02 -1.713670333831807966e+03
2.017337304204476823e+03 -5.721180670237937388e-02 3.069202324280044525e-02 -1.766147832118132783e+03
2.017391005678374540e+03 -5.624989436023600242e-02 2.829285810931897113e-02 -1.822080691008929307e+03
2.017444707152272031e+03 -5.521272752472819456e-02 2.585590439779301627e-02 -1.881898950871805482e+03
2.017498408626169748e+03 -5.409287101522124164e-02 2.338030288739495130e-02 -1.946114741861560560e+03
2.017552110100067466e+03 -5.288162924063660036e-02 2.086529350761721566e-02 -2.015346670437475950e+03
2.017605811573965184e+03 -5.156874112463166043e-02 1.831028957850551822e-02 -2.090332353944646457e+03
2.017659513047862902e+03 -5.014197454248808805e-02 1.571499032786085118e-02 -2.171966143544986153e+03
2.017713214521760619e+03 -4.858657423709502460e-02 1.307955239313157020e-02 -2.261342164364024484e+03
2.017766915995658337e+03 -4.688450089682488775e-02 1.040485873108606962e-02 -2.359810309395230433e+03
2.017820617469556055e+03 -4.501335974797688461e-02 7.692949114949716553e-03 -2.469048496199155124e+03
2.017874318943453773e+03 -4.294485528348975650e-02 4.947727088668312997e-03 -2.591152429239300091e+03
2.017928020417351490e+03 -4.064250194849695907e-02 2.176157412960355760e-03 -2.728735857078481786e+03
2.017981721891249208e+03 -3.805813055299874653e-02 -6.096284662512926455e-04 -2.885005908594307130e+03
2.018035423365146698e+03 -3.512638835175935226e-02 -3.388460589216305344e-03 -3.063678278997009329e+03
2.018089124839044416e+03 -3.175583098919546043e-02 -6.122622386822131058e-03 -3.268312202347555740e+03
2.018142826312942134e+03 -2.781401690798961795e-02 -8.742333944790592684e-03 -3.499599557085380638e+03
2.018196527786839852e+03 -2.310322816325668938e-02 -1.111143729628233726e-02 -3.745072915364014989e+03
2.018250229260737569e+03 -1.732788713795508848e-02 -1.294720972837135400e-02 -3.941223774560485253e+03
2.018303930734635287e+03 -1.010534973149812381e-02 -1.364141799964668604e-02 -3.844691406540295702e+03
2.018357632208533005e+03 -1.338934300296474710e-03 -1.206719451856388264e-02 -2.843193748646594941e+03
2.018411333682430723e+03 7.685127121628783364e-03 -7.431233613872913202e-03 -8.872912278303460880e+02
2.018465035156328440e+03 1.502983637920120470e-02 -9.612700833689939630e-04 6.282094071843301890e+02
2.018518736630226158e+03 2.040259760820901241e-02 5.744103909165675440e-03 1.364814913871466842e+03
2.018572438104123648e+03 2.435103003582833603e-02 1.208915280356294246e-02 1.687749626180207770e+03
2.018626139578021366e+03 2.734348184817979657e-02 1.797584572088183064e-02 1.825785652381985301e+03
2.018679841051919084e+03 2.967601575394161750e-02 2.343618682911635664e-02 1.878551369727289512e+03
2.018733542525816802e+03 3.153284467270065644e-02 2.852476145240696870e-02 1.889618752627204685e+03
2.018787243999714519e+03 3.303288295783251421e-02 3.329284415454465684e-02 1.879324334159416367e+03
2.018840945473612237e+03 3.425632752348476556e-02 3.778357140698652972e-02 1.857810455898030568e+03
2.018894646947509955e+03 3.525947455949226400e-02 4.203225865015569607e-02 1.830423207123816610e+03
2.018948348421407673e+03 3.608320946752090891e-02 4.606772851565572174e-02 1.800103341404078947e+03
2.019002049895305390e+03 3.675810327536486316e-02 4.991364930138988271e-02 1.768519371592164816e+03
2.019055751369203108e+03 3.730758799515456609e-02 5.358963655747988469e-02 1.736636480312203730e+03
2.019109452843100826e+03 3.775000808278689002e-02 5.711211051095681918e-02 1.705016855495939808e+03
2.019163154316998316e+03 3.809998931906144470e-02 6.049495273901226572e-02 1.673985120150999592e+03
2.019216855790896034e+03 3.836937864478447840e-02 6.375000860258792090e-02 1.643722778289594316e+03
2.019270557264793752e+03 3.856790586109808822e-02 6.688747380547389876e-02 1.614323781637016737e+03
2.019324258738691469e+03 3.870365982135962057e-02 6.991619400829141018e-02 1.585827663761577469e+03
2.019377960212589187e+03 3.878343483072068526e-02 7.284389353552568613e-02 1.558237959853439406e+03
2.019431661686486905e+03 3.881299501117693035e-02 7.567736619140222332e-02 1.531543447452768078e+03
2.019485363160384622e+03 3.879727809211588191e-02 7.842263366565170590e-02 1.505718904184776875e+03
2.019539064634282340e+03 3.874054385027823899e-02 8.108505725500995964e-02 1.480731224940235052e+03
2.019592766108180058e+03 3.864649296765858971e-02 8.366943436376671206e-02 1.456543681876788924e+03
2.019646467582077776e+03 3.851836118004917792e-02 8.618007824891464608e-02 1.433118097145620823e+03
2.019700169055975493e+03 3.835899439268337235e-02 8.862088391485019312e-02 1.410416222120647944e+03
2.019753870529872984e+03 3.817090919796390508e-02 9.099538295776134211e-02 1.388400601571418747e+03
2.019807572003770701e+03 3.795634207233909707e-02 9.330678952552211303e-02 1.367035098262237852e+03
2.019861273477668419e+03 3.771728970268791586e-02 9.555803907929412422e-02 1.346285193141335867e+03
2.019914974951566137e+03 3.745554229562074455e-02 9.775182128093881651e-02 1.326118137436266807e+03
2.019968676425463855e+03 3.717271128665736862e-02 9.989060805365641837e-02 1.306503007620793142e+03
2.020022377899361572e+03 3.687025254331236651e-02 1.019766776510337425e-01 1.287410697466997362e+03
2.020076079373259290e+03 3.654948591444669853e-02 1.040121354045151769e-01 1.268813869531851651e+03
2.020129780847157008e+03 3.621161178791007518e-02 1.059989316679876559e-01 1.250686847966074538e+03
2.020183482321054726e+03 3.585772494999633908e-02 1.079388766937436350e-01 1.233004738798063272e+03
2.020237183794952443e+03 3.548882573326089113e-02 1.098336514053658008e-01 1.215743931970566564e+03
2.020290885268849934e+03 3.510583223037906653e-02 1.116848247308527969e-01 1.198885092635850697e+03
2.020344586742747651e+03 3.470958959140714450e-02 1.134938652319340546e-01 1.182408784101092124e+03
2.020398288216645369e+03 3.430087695362647737e-02 1.152621478374991210e-01 1.166296498593109163e+03
2.020451989690543087e+03 3.388041415980194010e-02 1.169909618645278704e-01 1.150530873735632667e+03
2.020505691164440805e+03 3.344886769786264286e-02 1.186815183487663211e-01 1.135095619666347829e+03
2.020559392638338522e+03 3.300685591537473595e-02 1.203349565870676929e-01 1.119975442564379364e+03
2.020613094112236240e+03 3.255495361138930482e-02 1.219523499883044676e-01 1.105155973110552168e+03
2.020666795586133958e+03 3.209369609294986103e-02 1.235347113201140656e-01 1.090623700006117133e+03
2.020720497060031676e+03 3.162358276961002579e-02 1.250829974261171706e-01 1.076365908371437854e+03
2.020774198533929393e+03 3.114508034783537022e-02 1.265981134776052730e-01 1.062370622781732663e+03
2.020827900007827111e+03 3.065862567769404162e-02 1.280809168147438726e-01 1.048626554664809191e+03
2.020881601481724601e+03 3.016462829639729448e-02 1.295322204248021969e-01 1.035123053771995046e+03
2.020935302955622319e+03 2.966347270670501718e-02 1.309527960985936712e-01 1.021850063431589433e+03
2.020989004429520037e+03 2.915552042279603850e-02 1.323433773007783032e-01 1.008798079301877920e+03
2.021042705903417755e+03 2.864111181155114955e-02 1.337046617852916952e-01 9.959581113503486449e+02
2.021096407377315472e+03 2.812056775341062118e-02 1.350373139830146341e-01 9.833216488017457095e+02
2.021150108851213190e+03 2.759419114366119460e-02 1.363419671855524984e-01 9.708806278025178926e+02
2.021203810325110908e+03 2.706226825223127103e-02 1.376192255459240121e-01 9.586274014110351800e+02
2.021257511799008626e+03 2.652506995735754922e-02 1.388696659125970012e-01 9.465547092534160356e+02
2.021311213272906343e+03 2.598285286162342958e-02 1.400938394851099500e-01 9.346556134803291798e+02
2.021364914746804061e+03 2.543586024958484348e-02 1.412922730137740612e-01 9.229231421127407202e+02
2.021418616220701551e+03 2.488432281923766420e-02 1.424654690793006606e-01 9.113503009391512251e+02
2.021472317694599269e+03 2.432845980982387482e-02 1.436139088730978286e-01 8.999318639842193761e+02
2.021526019168496987e+03 2.376848007764278958e-02 1.447380551368459001e-01 8.886626628406514783e+02
2.021579720642394705e+03 2.320458259489805580e-02 1.458383521312914544e-01 8.775373628658009011e+02
2.021633422116292422e+03 2.263695703180084937e-02 1.469152262641345019e-01 8.665508228217111082e+02
2.021687123590190140e+03 2.206578435396407134e-02 1.479690870236072819e-01 8.556981292920515898e+02
2.021740825064087858e+03 2.149123737881934379e-02 1.490003278824369726e-01 8.449745868956391632e+02
2.021794526537985575e+03 2.091348128928272043e-02 1.500093271420356589e-01 8.343757057690864940e+02
2.021848228011883293e+03 2.033267410817858958e-02 1.509964487192973770e-01 8.238971896433426991e+02
2.021901929485781011e+03 1.974896713695492231e-02 1.519620428805175394e-01 8.135349247164165263e+02
2.021955630959678729e+03 1.916250536188535830e-02 1.529064469267076565e-01 8.032849692802440131e+02
2.022009332433576219e+03 1.857342783062593955e-02 1.538299858341855009e-01 7.931435440445154654e+02
2.022063033907473937e+03 1.798186800169415678e-02 1.547329728539852955e-01 7.831070231034132121e+02
2.022116735381371655e+03 1.738795406922339845e-02 1.556157100732265541e-01 7.731719254964497168e+02
2.022170436855269372e+03 1.679180926503440890e-02 1.564784889414313485e-01 7.633349073173307033e+02
2.022224138329167090e+03 1.619355213995189377e-02 1.573215907643708000e-01 7.535927543301795595e+02
2.022277839803064808e+03 1.559329682605475539e-02 1.581452871678848959e-01 7.439423750548759244e+02
2.022331541276962525e+03 1.499115328141132665e-02 1.589498405338691245e-01 7.343807942868671716e+02
2.022385242750860243e+03 1.438722751869846682e-02 1.597355044104461219e-01 7.249051470195271349e+02
2.022438944224757961e+03 1.378162181897880229e-02 1.605025238981608593e-01 7.155126727398297817e+02
2.022492645698655679e+03 1.317443493179328018e-02 1.612511360138902949e-01 7.062007100704503273e+02
2.022546347172553169e+03 1.256576226262390641e-02 1.619815700340138664e-01 6.969666917336039660e+02
2.022600048646450887e+03 1.195569604867267877e-02 1.626940478182832273e-01 6.878081398136660027e+02
2.022653750120348604e+03 1.134432552387247377e-02 1.633887841156551057e-01 6.787226612982187817e+02
2.022707451594246322e+03 1.073173707387612211e-02 1.640659868533528298e-01 6.697079438774043183e+02
2.022761153068144040e+03 1.011801438179976177e-02 1.647258574102173079e-01 6.607617519843330456e+02
2.022814854542041758e+03 9.503238565372681620e-03 1.653685908753900480e-01 6.518819230593626344e+02
2.022868556015939475e+03 8.887488306112181422e-03 1.659943762932669098e-01 6.430663640206362288e+02
2.022922257489837193e+03 8.270839971089022011e-03 1.666033968955790145e-01 6.343130479148084078e+02
2.022975958963734911e+03 7.653367727798708782e-03 1.671958303213427477e-01 6.256200106782473540e+02
2.023029660437632629e+03 7.035143652603649718e-03 1.677718488251009055e-01 6.169853477383873042e+02
2.023083361911530346e+03 6.416237833134507546e-03 1.683316194727198234e-01 6.084072093107777164e+02
2.023137063385427837e+03 5.796718464866582911e-03 1.688753043192423309e-01 5.998837897045688123e+02
2.023190764859325554e+03 5.176651941578787157e-03 1.694030605455646432e-01 5.914132944042411282e+02
2.023244466333223272e+03 4.556102938661730183e-03 1.699150404875129361e-01 5.829938608354650569e+02
2.023298167807120990e+03 3.935134490919950379e-03 1.704113915462604212e-01 5.746235656928577100e+02
2.023351869281018708e+03 3.313808077807023095e-03 1.708922564537648237e-01 5.663007938352412793e+02
2.023405570754916425e+03 2.692183713658378823e-03 1.713577740590334630e-01 5.580242650753589260e+02
2.023459272228814143e+03 2.070320017726800122e-03 1.718080796288911360e-01 5.497926523156163512e+02
2.023512973702711861e+03 1.448274273093023068e-03 1.722433047352993907e-01 5.416045449462461647e+02
2.023566675176609579e+03 8.261024866241823555e-04 1.726635772294426441e-01 5.334585233510541684e+02
2.023620376650507296e+03 2.038594486702768763e-04 1.730690213133138367e-01 5.253531906556370359e+02
2.023674078124404787e+03 -4.184012093061841952e-04 1.734597576417343245e-01 5.172871807636703352e+02
2.023727779598302504e+03 -1.040626959618452200e-03 1.738359034290030969e-01 5.092591593758060071e+02
2.023781481072200222e+03 -1.662766325698044690e-03 1.741975725531464958e-01 5.012678231988526250e+02
2.023835182546097940e+03 -2.284768831824388838e-03 1.745448756561542025e-01 4.933118987271341780e+02
2.023888884019995658e+03 -2.906584955059248083e-03 1.748779202399188548e-01 4.853901409543299224e+02
2.023942585493893375e+03 -3.528166079276345585e-03 1.751968107579794376e-01 4.775013321074396231e+02
2.023996286967791093e+03 -4.149464451152802894e-03 1.755016487032491079e-01 4.696442804254050998e+02
2.024049988441688811e+03 -4.770433138010502470e-03 1.757925326919139719e-01 4.618178189863027683e+02
2.024103689915586529e+03 -5.391025987393753376e-03 1.760695585436893029e-01 4.540208045821989344e+02
2.024157391389484246e+03 -6.011197588284629585e-03 1.763328193586107262e-01 4.462521166394163288e+02
2.024211092863381964e+03 -6.630903233855175299e-03 1.765824055905262646e-01 4.385106561818013233e+02
2.024264794337279454e+03 -7.250098885669260113e-03 1.768184051174442051e-01 4.307953448345479046e+02
2.024318495811177172e+03 -7.868741139258415840e-03 1.770409033088909956e-01 4.231051238661300999e+02
2.024372197285074890e+03 -8.486787190958730576e-03 1.772499830904022688e-01 4.154389532665666707e+02
2.024425898758972608e+03 -9.104194805980667105e-03 1.774457250053007029e-01 4.077958108593707607e+02
2.024479600232870325e+03 -9.720922287605444564e-03 1.776282072738632756e-01 4.001746914456439868e+02
2.024533301706768043e+03 -1.033692844745512721e-02 1.777975058500073091e-01 3.925746059783081137e+02
2.024587003180665761e+03 -1.095217257677069157e-02 1.779536944755974737e-01 3.849945807647490028e+02
2.024640704654563478e+03 -1.156661441864036306e-02 1.780968447324806359e-01 3.774336566961911217e+02
2.024694406128461196e+03 -1.218021414111779277e-02 1.782270260923465299e-01 3.698908885022736968e+02
2.024748107602358914e+03 -1.279293231118172960e-02 1.783443059645047069e-01 3.623653440292823689e+02
2.024801809076256404e+03 -1.340472986948115612e-02 1.784487497416623603e-01 3.548561035406798965e+02
2.024855510550154122e+03 -1.401556810583168104e-02 1.785404208437944285e-01 3.473622590384189266e+02
2.024909212024051840e+03 -1.462540863538511725e-02 1.786193807601691164e-01 3.398829136041561583e+02
2.024962913497949557e+03 -1.523421337547260605e-02 1.786856890896172945e-01 3.324171807585986471e+02
2.025016614971847275e+03 -1.584194452304682824e-02 1.787394035791036451e-01 3.249641838382295305e+02
2.025070316445744993e+03 -1.644856453269885957e-02 1.787805801606703326e-01 3.175230553881148126e+02
2.025124017919642711e+03 -1.705403609520630970e-02 1.788092729868149267e-01 3.100929365697849676e+02
2.025177719393540428e+03 -1.765832211658145343e-02 1.788255344643593647e-01 3.026729765831229884e+02
2.025231420867438146e+03 -1.826138569758051222e-02 1.788294152868662445e-01 2.952623321013232385e+02
2.025285122341335864e+03 -1.886319011364519585e-02 1.788209644656536534e-01 2.878601667179286778e+02
2.025338823815233582e+03 -1.946369879524193977e-02 1.788002293594617154e-01 2.804656504050789749e+02
2.025392525289131072e+03 -2.006287530856815104e-02 1.787672557028107123e-01 2.730779589820870115e+02
2.025446226763028790e+03 -2.066068333660841735e-02 1.787220876331006569e-01 2.656962735933518616e+02
2.025499928236926507e+03 -2.125708666048004708e-02 1.786647677164942827e-01 2.583197801951874339e+02
2.025553629710824225e+03 -2.185204914108392071e-02 1.785953369726157869e-01 2.509476690502307292e+02
2.025607331184721943e+03 -2.244553470100274506e-02 1.785138348981119838e-01 2.435791342290542616e+02
2.025661032658619661e+03 -2.303750730663302326e-02 1.784202994891027072e-01 2.362133731180734344e+02
2.025714734132517378e+03 -2.362793095052457409e-02 1.783147672625595703e-01 2.288495859330364510e+02
2.025768435606415096e+03 -2.421676963390179127e-02 1.781972732766398670e-01 2.214869752373867300e+02
2.025822137080312814e+03 -2.480398734934563185e-02 1.780678511500069505e-01 2.141247454647722179e+02
2.025875838554210532e+03 -2.538954806361240837e-02 1.779265330801653444e-01 2.067621024450095888e+02
2.025929540028108022e+03 -2.597341570056091106e-02 1.777733498608346230e-01 1.993982529328915518e+02
2.025983241502005740e+03 -2.655555412418829364e-02 1.776083308983844866e-01 1.920324041388880687e+02
2.026036942975903457e+03 -2.713592712170531662e-02 1.774315042273631182e-01 1.846637632616556743e+02
2.026090644449801175e+03 -2.771449838668920904e-02 1.772428965251267308e-01 1.772915370209499031e+02
2.026144345923698893e+03 -2.829123150224932895e-02 1.770425331255995050e-01 1.699149311908266213e+02
2.026198047397596611e+03 -2.886608992419981840e-02 1.768304380321800151e-01 1.625331501322708334e+02
2.026251748871494328e+03 -2.943903696422003891e-02 1.766066339298098253e-01 1.551453963245820944e+02
2.026305450345392046e+03 -3.001003577297610414e-02 1.763711421962216863e-01 1.477508698949216921e+02
2.026359151819289764e+03 -3.057904932318767505e-02 1.761239829123817657e-01 1.403487681452934339e+02
2.026412853293187482e+03 -3.114604039261615123e-02 1.758651748721385133e-01 1.329382850763274462e+02
