2.010356112597776246e+03 -3.044422001340214151e-02 1.761885067216296119e-01 1.360035886926012267e+02
2.016819999959768893e+03 -6.361425478270713030e-02 5.204630115208564584e-02 -1.361944030851532716e+03
2.016890731237302134e+03 -6.298264366858877250e-02 4.929864198912495971e-02 -1.406671051306965182e+03
2.016961462514835148e+03 -6.228531379017819558e-02 4.649958993143336883e-02 -1.454058015892620688e+03
2.017032193792368162e+03 -6.151670796061305818e-02 4.364738108094189106e-02 -1.504420823239995570e+03
2.017102925069901175e+03 -6.067046454769699920e-02 4.074015076371588495e-02 -1.558130963792588545e+03
2.017173656347434189e+03 -5.973924818403175685e-02 3.777593671110298507e-02 -1.615628776839898364e+03
2.017244387624967203e+03 -5.871453257921552260e-02 3.475268880428795948e-02 -1.677440704771010587e+03
2.017315118902500217e+03 -5.758631812106350389e-02 3.166828967275688023e-02 -1.744202002221690464e+03
2.017385850180033231e+03 -5.634275909757210932e-02 2.852059315353078564e-02 -1.816687091692785089e+03
2.017456581457566244e+03 -5.496966305818588860e-02 2.530749222863873035e-02 -1.895850770784661563e+03
2.017527312735099486e+03 -5.344980532128282974e-02 2.202703628749300147e-02 -1.982884854498739060e+03
2.017598044012632499e+03 -5.176196988797236026e-02 1.867763263455214304e-02 -2.079296977730016351e+03
2.017668775290165513e+03 -4.987957415395258970e-02 1.525839540836239003e-02 -2.187021733196140303e+03
2.017739506567698527e+03 -4.776863978253521881e-02 1.176976027453485556e-02 -2.308579010721561644e+03
2.017810237845231541e+03 -4.538469863789664632e-02 8.214597087378035928e-03 -2.447298926808897704e+03
2.017880969122764554e+03 -4.266789214003881975e-02 4.600301080067896974e-03 -2.607631396871663128e+03
2.017951700400297568e+03 -3.953485896477651473e-02 9.429217971477519894e-04 -2.795523858461173859e+03
2.018022431677830582e+03 -3.586460821868513171e-02 -2.724149032573030139e-03 -3.018656608401901849e+03
2.018093162955363823e+03 -3.147253521392998077e-02 -6.330345437285828450e-03 -3.285385545492398251e+03
2.018163894232896837e+03 -2.606039822732734296e-02 -9.717792847344969634e-03 -3.596535839918255533e+03
2.018234625510429851e+03 -1.912310973253535454e-02 -1.249909275660685166e-02 -3.898384293906812673e+03
2.018305356787962864e+03 -9.871188883159860705e-03 -1.363374207310367320e-02 -3.832257569315349429e+03
2.018376088065495878e+03 1.872908006865275227e-03 -1.079011112999134041e-02 -2.212363978926380696e+03
2.018446819343028892e+03 1.279642674937772444e-02 -3.222675335112994578e-03 2.195820746489300461e+02
2.018517550620561906e+03 2.031319591703291405e-02 5.616440058791373133e-03 1.355488483277079922e+03
2.018588281898094920e+03 2.532539136444439398e-02 1.388916956938714142e-02 1.742042374342168387e+03
2.018659013175627933e+03 2.884201663152276621e-02 2.138024540717199662e-02 1.864839521526214185e+03
2.018729744453161175e+03 3.141877558932253817e-02 2.818943722465875115e-02 1.889716686852903422e+03
2.018800475730694188e+03 3.336086554022501399e-02 3.443610252334212973e-02 1.874765294223913088e+03
2.018871207008227202e+03 3.484840266140662446e-02 4.021726608696973154e-02 1.842812834489615625e+03
2.018941938285760216e+03 3.599527147060958832e-02 4.560747323487280430e-02 1.803743714216893295e+03
2.019012669563293230e+03 3.687768391041754829e-02 5.066401070258030881e-02 1.762142175725854941e+03
2.019083400840826243e+03 3.754902772867516753e-02 5.543153064494300147e-02 1.720223937840082726e+03
2.019154132118359257e+03 3.804811446406499570e-02 5.994543900319147800e-02 1.679073449494821034e+03
2.019224863395892271e+03 3.840403144010721276e-02 6.423428589479975026e-02 1.639207750779535445e+03
2.019295594673425285e+03 3.863913783887661796e-02 6.832145169097966764e-02 1.600849558659209833e+03
2.019366325950958526e+03 3.877099230238472555e-02 7.222635072523894695e-02 1.564066099129427130e+03
2.019437057228491540e+03 3.881363747666498332e-02 7.596530479628790800e-02 1.528842432071653093e+03
2.019507788506024553e+03 3.877848227070345571e-02 7.955218793654278420e-02 1.495121237580985280e+03
2.019578519783557567e+03 3.867492377085092470e-02 8.299891004028923935e-02 1.462824772496376909e+03
2.019649251061090581e+03 3.851079571374450838e-02 8.631578514826120097e-02 1.431867114951889107e+03
2.019719982338623595e+03 3.829269849493268513e-02 8.951181599996335669e-02 1.402160998652445642e+03
2.019790713616156609e+03 3.802624640418763441e-02 9.259491686508447561e-02 1.373621543185141036e+03
2.019861444893689622e+03 3.771625579617748913e-02 9.557209011062529902e-02 1.346168168573658022e+03
2.019932176171222636e+03 3.736689033387297076e-02 9.844956758691034149e-02 1.319725463644667343e+03
2.020002907448755877e+03 3.698177454988723495e-02 1.012329249905399159e-01 1.294223472053492287e+03
2.020073638726288891e+03 3.656408369769238720e-02 1.039271752828484913e-01 1.269597655066211473e+03
2.020144370003821905e+03 3.611661561128235581e-02 1.065368456852184564e-01 1.245788667799911082e+03
2.020215101281354919e+03 3.564184872799579240e-02 1.090660416236586688e-01 1.222742029725265184e+03
2.020285832558887932e+03 3.514198934586852674e-02 1.115185001912286089e-01 1.200407749426159626e+03
2.020356563836420946e+03 3.461901042751380775e-02 1.138976351423658107e-01 1.178739946897908567e+03
2.020427295113953960e+03 3.407468371134841217e-02 1.162065750185840018e-01 1.157696495371416404e+03
2.020498026391486974e+03 3.351060647783928037e-02 1.184481956656942142e-01 1.137238687332645213e+03
2.020568757669019988e+03 3.292822400685611883e-02 1.206251481244619284e-01 1.117330922193013521e+03
2.020639488946553229e+03 3.232884853036296219e-02 1.227398826637296353e-01 1.097940414565880246e+03
2.020710220224086243e+03 3.171367531427404796e-02 1.247946695751230017e-01 1.079036926093729789e+03
2.020780951501619256e+03 3.108379637623953293e-02 1.267916172435259448e-01 1.060592524353816316e+03
2.020851682779152270e+03 3.044021224739430764e-02 1.287326879242778055e-01 1.042581369191807653e+03
2.020922414056685284e+03 2.978384210672420027e-02 1.306197115833717393e-01 1.024979523248255873e+03
2.020993145334218298e+03 2.911553255270465934e-02 1.324543980895344641e-01 1.007764781844424306e+03
2.021063876611751311e+03 2.843606522621598687e-02 1.342383479906971711e-01 9.909165181475389090e+02
2.021134607889284325e+03 2.774616345959547703e-02 1.359730620650208832e-01 9.744155416636473319e+02
2.021205339166817566e+03 2.704649809666905685e-02 1.376599498075233852e-01 9.582439699256108270e+02
2.021276070444350580e+03 2.633769260499729120e-02 1.393003369926944512e-01 9.423851136336614900e+02
2.021346801721883594e+03 2.562032758212915221e-02 1.408954724359269828e-01 9.268233747335109456e+02
2.021417532999416608e+03 2.489494474116754272e-02 1.424465340594000817e-01 9.115441559384349830e+02
2.021488264276949621e+03 2.416205044696970519e-02 1.439546343512085880e-01 8.965337796675837581e+02
2.021558995554482635e+03 2.342211886267732066e-02 1.454208252912561339e-01 8.817794144461157657e+02
2.021629726832015649e+03 2.267559475682996359e-02 1.468461028049020678e-01 8.672690073720990540e+02
2.021700458109548663e+03 2.192289601379197872e-02 1.482314107961686667e-01 8.529912219905345410e+02
2.021771189387081677e+03 2.116441588420023279e-02 1.495776448060659181e-01 8.389353814520333117e+02
2.021841920664614918e+03 2.040052500719916409e-02 1.508856553371211995e-01 8.250914169742347894e+02
2.021912651942147932e+03 1.963157323198056609e-02 1.521562508812857040e-01 8.114498214491586623e+02
2.021983383219680945e+03 1.885789126243676839e-02 1.533902006843609056e-01 7.980016077695654531e+02
2.022054114497213959e+03 1.807979214546398539e-02 1.545882372758914935e-01 7.847382712501253081e+02
2.022124845774746973e+03 1.729757262063184517e-02 1.557510587893420340e-01 7.716517554565078854e+02
2.022195577052279987e+03 1.651151434652992772e-02 1.568793310936425767e-01 7.587344208212318790e+02
2.022266308329813000e+03 1.572188501709337674e-02 1.579736897540765794e-01 7.459790155828417255e+02
2.022337039607346014e+03 1.492893937954454034e-02 1.590347418381180822e-01 7.333786487765897846e+02
2.022407770884879028e+03 1.413292016419847273e-02 1.600630675801313907e-01 7.209267651644067882e+02
2.022478502162412269e+03 1.333405893520884546e-02 1.610592219176497919e-01 7.086171220748125279e+02
2.022549233439945283e+03 1.253257687029868395e-02 1.620237359109792663e-01 6.964437681263422064e+02
2.022619964717478297e+03 1.172868547662419755e-02 1.629571180569415190e-01 6.844010237617247867e+02
2.022690695995011311e+03 1.092258724909544315e-02 1.638598555066107243e-01 6.724834634626089382e+02
2.022761427272544324e+03 1.011447627675847796e-02 1.647324151958732830e-01 6.606858994723608021e+02
2.022832158550077338e+03 9.304538802203573752e-03 1.655752448966349155e-01 6.490033668366752408e+02
2.022902889827610352e+03 8.492953738403875505e-03 1.663887741955411281e-01 6.374311095770905240e+02
2.022973621105143366e+03 7.679893146899083312e-03 1.671734154062300970e-01 6.259645678353216454e+02
2.023044352382676379e+03 6.865522680832170793e-03 1.679295644204098492e-01 6.145993658601154266e+02
2.023115083660209621e+03 6.050001995970661142e-03 1.686576015024671416e-01 6.033313007448912231e+02
2.023185814937742634e+03 5.233485132540408730e-03 1.693578920318515035e-01 5.921563318573406605e+02
2.023256546215275648e+03 4.416120870416786331e-03 1.700307871971272755e-01 5.810705709253513760e+02
2.023327277492808662e+03 3.598053059977674231e-03 1.706766246452903479e-01 5.700702727554900093e+02
2.023398008770341676e+03 2.779420930699247599e-03 1.712957290897000884e-01 5.591518265620203465e+02
2.023468740047874689e+03 1.960359379379494893e-03 1.718884128797445454e-01 5.483117478798047841e+02
2.023539471325407703e+03 1.140999239693379257e-03 1.724549765351204578e-01 5.375466710275391051e+02
2.023610202602940717e+03 3.214675346248271328e-04 1.729957092473786429e-01 5.268533420817320803e+02
2.023680933880473731e+03 -4.981122868271123990e-04 1.735108893511615180e-01 5.162286123181991115e+02
2.023751665158006972e+03 -1.317620127394782473e-03 1.740007847673296082e-01 5.056694320771707112e+02
2.023822396435539986e+03 -2.136939032589406894e-03 1.744656534199751086e-01 4.951728450097090786e+02
2.023893127713073000e+03 -2.955954993997415414e-03 1.749057436291301393e-01 4.847359826665916671e+02
2.023963858990606013e+03 -3.774556763861704883e-03 1.753212944808029694e-01 4.743560593952518047e+02
2.024034590268139027e+03 -4.592635680072448302e-03 1.757125361758321569e-01 4.640303675150734080e+02
2.024105321545672041e+03 -5.410085500759504416e-03 1.760796903589129381e-01 4.537562727460529004e+02
2.024176052823205055e+03 -6.226802247748020915e-03 1.764229704290391221e-01 4.435312098700059096e+02
2.024246784100738068e+03 -7.042684058193984797e-03 1.767425818325041309e-01 4.333526786070175376e+02
2.024317515378271310e+03 -7.857631043775297960e-03 1.770387223395211429e-01 4.232182396924894761e+02
2.024388246655804323e+03 -8.671545156857647652e-03 1.773115823054406126e-01 4.131255111421055517e+02
2.024458977933337337e+03 -9.484330063103502476e-03 1.775613449174816560e-01 4.030721646932435078e+02
2.024529709210870351e+03 -1.029589102002840748e-02 1.777881864278270663e-01 3.930559224121096804e+02
2.024600440488403365e+03 -1.110613476105096371e-02 1.779922763738743530e-01 3.830745534562139483e+02
2.024671171765936379e+03 -1.191496938460839643e-02 1.781737777863804939e-01 3.731258709820710919e+02
2.024741903043469392e+03 -1.272230424795006525e-02 1.783328473861886254e-01 3.632077291880419807e+02
2.024812634321002406e+03 -1.352804986524045079e-02 1.784696357701749114e-01 3.533180204824797670e+02
2.024883365598535420e+03 -1.433211780963193453e-02 1.785842875870051749e-01 3.434546727675370903e+02
2.024954096876068661e+03 -1.513442061899033381e-02 1.786769417032573193e-01 3.336156468292877548e+02
2.025024828153601675e+03 -1.593487170497669830e-02 1.787477313604090567e-01 3.237989338252147604e+02
2.025095559431134689e+03 -1.673338526520409125e-02 1.787967843231740850e-01 3.140025528605785325e+02
2.025166290708667702e+03 -1.752987619821337953e-02 1.788242230196135929e-01 3.042245486455486798e+02
2.025237021986200716e+03 -1.832426002101654114e-02 1.788301646734332950e-01 2.944629892255817936e+02
2.025307753263733730e+03 -1.911645278897512387e-02 1.788147214288396680e-01 2.847159637779113837e+02
2.025378484541266744e+03 -1.990637101779930973e-02 1.787780004683007240e-01 2.749815804673944513e+02
2.025449215818799757e+03 -2.069393160745158430e-02 1.787201041235336740e-01 2.652579643554946642e+02
2.025519947096332771e+03 -2.147905176776026062e-02 1.786411299800185759e-01 2.555432553564052967e+02
2.025590678373866012e+03 -2.226164894555252363e-02 1.785411709753114140e-01 2.458356062346693136e+02
2.025661409651399026e+03 -2.304164075312311460e-02 1.784203154914139333e-01 2.361331806389540020e+02
2.025732140928932040e+03 -2.381894489786838542e-02 1.782786474414359557e-01 2.264341511667652753e+02
2.025802872206465054e+03 -2.459347911291061631e-02 1.781162463507681981e-01 2.167366974552207637e+02
2.025873603483998068e+03 -2.536516108855767920e-02 1.779331874329696250e-01 2.070390042929632841e+02
2.025944334761531081e+03 -2.613390840443311630e-02 1.777295416605537692e-01 1.973392597486019611e+02
2.026015066039064095e+03 -2.689963846212728438e-02 1.775053758308466068e-01 1.876356533110119358e+02
2.026085797316597109e+03 -2.766226841821623969e-02 1.772607526270734979e-01 1.779263740369742948e+02
2.026156528594130123e+03 -2.842171511750300056e-02 1.769957306748199399e-01 1.682096087016217894e+02
2.026227259871663364e+03 -2.917789502633066218e-02 1.767103645939964440e-01 1.584835399472574409e+02
2.026297991149196378e+03 -2.993072416583080972e-02 1.764047050464306599e-01 1.487463444259467735e+02
2.026368722426729391e+03 -3.068011804495486897e-02 1.760787987791902764e-01 1.389961909314905029e+02
2.026439453704262405e+03 -3.142599159315092455e-02 1.757326886637382846e-01 1.292312385161267798e+02
2.026510184981795419e+03 -3.216825909254224236e-02 1.753664137310033955e-01 1.194496345873642298e+02
2.026580916259328433e+03 -3.290683410945990234e-02 1.749800092024451637e-01 1.096495129802631823e+02
2.026651647536861446e+03 -3.364162942518471311e-02 1.745735065171751532e-01 9.982899200035666354e+01
2.026722378814394460e+03 -3.437255696575314268e-02 1.741469333551979026e-01 8.998617243225851325e+01
2.026793110091927701e+03 -3.509952773067179232e-02 1.737003136568087414e-01 8.011913550893419256e+01
2.026863841369460715e+03 -3.582245172039041220e-02 1.732336676381946439e-01 7.022594083637245888e+01
2.026934572646993729e+03 -3.654123786237081090e-02 1.727470118032638224e-01 6.030462426829046052e+01
2.027005303924526743e+03 -3.725579393559508290e-02 1.722403589517169376e-01 5.035319572516113595e+01
2.027076035202059757e+03 -3.796602649333747498e-02 1.717137181833836013e-01 4.036963695181185585e+01
2.027146766479592770e+03 -3.867184078403321235e-02 1.711670948988106844e-01 3.035189920733812485e+01
2.027217497757125784e+03 -3.937314067005739243e-02 1.706004907961057304e-01 2.029790088098848599e+01
2.027288229034658798e+03 -4.006982854422850432e-02 1.700139038640132438e-01 1.020552502718270560e+01
2.027358960312191812e+03 -4.076180524383915538e-02 1.694073283711999833e-01 7.261681251866224096e-02
2.027429691589725053e+03 -4.144896996200753136e-02 1.687807548517127332e-01 -1.010301913283142916e+01
2.027500422867258067e+03 -4.213122015613111893e-02 1.681341700865674194e-01 -2.032362146738389086e+01
2.027571154144791080e+03 -4.280845145321906381e-02 1.674675570814099790e-01 -3.059147500294715982e+01
2.027641885422324094e+03 -4.348055755185648019e-02 1.667808950401895585e-01 -4.090891369071142236e+01
2.027712616699857108e+03 -4.414743012055160482e-02 1.660741593347656309e-01 -5.127832373879564898e+01
2.027783347977390122e+03 -4.480895869219371497e-02 1.653473214703638228e-01 -6.170214687188462221e+01
2.027854079254923136e+03 -4.546503055433524093e-02 1.646003490467852493e-01 -7.218288374445337752e+01
2.027924810532456149e+03 -4.611553063499587712e-02 1.638332057152541987e-01 -8.272309752003400263e+01
2.027995541809989163e+03 -4.676034138366211984e-02 1.630458511307844860e-01 -9.332541762992875078e+01
2.028066273087522404e+03 -4.739934264713827061e-02 1.622382408999286652e-01 -1.039925437258967236e+02
2.028137004365055418e+03 -4.803241153987676537e-02 1.614103265237533669e-01 -1.147272498424702576e+02
2.028207735642588432e+03 -4.865942230839183369e-02 1.605620553358786118e-01 -1.255323887857402383e+02
2.028278466920121446e+03 -4.928024618933468659e-02 1.596933704353958872e-01 -1.364108967667162062e+02
2.028349198197654459e+03 -4.989475126076890754e-02 1.588042106144622878e-01 -1.473657982985246235e+02
2.028419929475187473e+03 -5.050280228616057382e-02 1.578945102803580580e-01 -1.584002113779897343e+02
2.028490660752720487e+03 -5.110426055055435762e-02 1.569641993717679762e-01 -1.695173529733378075e+02
2.028561392030253501e+03 -5.169898368836858826e-02 1.560132032690351722e-01 -1.807205448409727353e+02
2.028632123307786514e+03 -5.228682550219915931e-02 1.550414426981189531e-01 -1.920132196956002701e+02
2.028702854585319756e+03 -5.286763577197742259e-02 1.540488336279633719e-01 -2.033989277595366048e+02
2.028773585862852769e+03 -5.344126005376836214e-02 1.530352871609748644e-01 -2.148813437187795330e+02
2.028844317140385783e+03 -5.400753946745096706e-02 1.520007094162812711e-01 -2.264642741160314188e+02
2.028915048417918797e+03 -5.456631047245110583e-02 1.509450014054246614e-01 -2.381516652139536347e+02
2.028985779695451811e+03 -5.511740463063531659e-02 1.498680589001189223e-01 -2.499476113662588546e+02
2.029056510972984825e+03 -5.566064835539597661e-02 1.487697722916742626e-01 -2.618563639395650853e+02
2.029127242250517838e+03 -5.619586264587422830e-02 1.476500264416507335e-01 -2.738823408355616493e+02
2.029197973528050852e+03 -5.672286280517335050e-02 1.465087005232711403e-01 -2.860301366706960948e+02
2.029268704805583866e+03 -5.724145814130199295e-02 1.453456678530585522e-01 -2.983045336791375348e+02
2.029339436083117107e+03 -5.775145164947605159e-02 1.441607957121202321e-01 -3.107105134139260372e+02
2.029410167360650121e+03 -5.825263967425541034e-02 1.429539451564182662e-01 -3.232532693300789788e+02
2.029480898638183135e+03 -5.874481154985983222e-02 1.417249708152989174e-01 -3.359382203419426105e+02
2.029551629915716148e+03 -5.922774921681808746e-02 1.404737206774752389e-01 -3.487710254534571277e+02
2.029622361193249162e+03 -5.970122681293477812e-02 1.392000358635797075e-01 -3.617575995644506293e+02
2.029693092470782176e+03 -6.016501023635283107e-02 1.379037503843332790e-01 -3.749041305575284468e+02
2.029763823748315190e+03 -6.061885667827054958e-02 1.365846908833226736e-01 -3.882170977694543126e+02
2.029834555025848204e+03 -6.106251412264858403e-02 1.352426763633360896e-01 -4.017032919506827398e+02
2.029905286303381217e+03 -6.149572080998176593e-02 1.338775178951787104e-01 -4.153698368205915017e+02
2.029976017580914458e+03 -6.191820466195110256e-02 1.324890183078629158e-01 -4.292242123397559794e+02
2.030046748858447472e+03 -6.232968266344109803e-02 1.310769718590310551e-01 -4.432742798480772421e+02
2.030117480135980486e+03 -6.272986019805915081e-02 1.296411638843813219e-01 -4.575283092611600750e+02
2.030188211413513500e+03 -6.311843033285072235e-02 1.281813704247409536e-01 -4.719950085735653715e+02
2.030258942691046514e+03 -6.349507304738484514e-02 1.266973578292139857e-01 -4.866835559805523985e+02
2.030329673968579527e+03 -6.385945440177842602e-02 1.251888823325677802e-01 -5.016036349910306740e+02
2.030400405246112541e+03 -6.421122563750676637e-02 1.236556896046976939e-01 -5.167654729547377883e+02
2.030471136523645555e+03 -6.455002220404862379e-02 1.220975142696812815e-01 -5.321798834581102255e+02
2.030541867801178796e+03 -6.487546270351915445e-02 1.205140793916238129e-01 -5.478583130491450675e+02
2.030612599078711810e+03 -6.518714774448505778e-02 1.189050959242819727e-01 -5.638128927316549834e+02
2.030683330356244824e+03 -6.548465869513328541e-02 1.172702621213421587e-01 -5.800564946391548347e+02
2.030754061633777837e+03 -6.576755632487316094e-02 1.156092629042412417e-01 -5.966027942957774712e+02
2.030824792911310851e+03 -6.603537932223321749e-02 1.139217691844679886e-01 -6.134663389473817006e+02
2.030895524188843865e+03 -6.628764267545052269e-02 1.122074371372167034e-01 -6.306626226369934329e+02
2.030966255466376879e+03 -6.652383590033987548e-02 1.104659074229504684e-01 -6.482081689959469486e+02
2.031036986743909893e+03 -6.674342109771727594e-02 1.086968043527505867e-01 -6.661206230656614480e+02
2.031107718021442906e+03 -6.694583081981417272e-02 1.068997349923404699e-01 -6.844188537745909571e+02
2.031178449298976147e+03 -6.713046572174465043e-02 1.050742881985297777e-01 -7.031230689017950226e+02
2.031249180576509161e+03 -6.729669197024470972e-02 1.032200335807718777e-01 -7.222549444204853444e+02
2.031319911854042175e+03 -6.744383837768225254e-02 1.013365203798449465e-01 -7.418377700342131220e+02
2.031390643131575189e+03 -6.757119322479188117e-02 9.942327625554345238e-02 -7.618966126027833070e+02
2.031461374409108203e+03 -6.767800073057697596e-02 9.747980597563876692e-02 -7.824584992624710367e+02
2.031532105686641216e+03 -6.776345712189839332e-02 9.550558999871537613e-02 -8.035526226770351741e+02
2.031602836964174230e+03 -6.782670624767235534e-02 9.350008294307812773e-02 -8.252105720887100233e+02
2.031673568241707244e+03 -6.786683467263857072e-02 9.146271193222642315e-02 -8.474665953766841540e+02
2.031744299519240258e+03 -6.788286617292034475e-02 8.939287480461198532e-02 -8.703578986953991716e+02
2.031815030796773499e+03 -6.787375554015409596e-02 8.728993817235997099e-02 -8.939249910954456482e+02
2.031885762074306513e+03 -6.783838158308182209e-02 8.515323531155581660e-02 -9.182120817243167039e+02
2.031956493351839526e+03 -6.777553919536669080e-02 8.298206386666551193e-02 -9.432675371185737276e+02
2.032027224629372540e+03 -6.768393033537258019e-02 8.077568335367042718e-02 -9.691444068546112476e+02
2.032097955906905554e+03 -6.756215373536957058e-02 7.853331244893949070e-02 -9.959010288634649442e+02
2.032168687184438568e+03 -6.740869312023162196e-02 7.625412605096251739e-02 -1.023601731286491599e+03
2.032239418461971582e+03 -6.722190366554074703e-02 7.393725209874674187e-02 -1.052317654225474598e+03
2.032310149739504595e+03 -6.699999636026902905e-02 7.158176812595176686e-02 -1.082127720047239336e+03
2.032380881017037609e+03 -6.674101985949459914e-02 6.918669752826654695e-02 -1.113119784157522872e+03
2.032451612294570850e+03 -6.644283931705652346e-02 6.675100552774856921e-02 -1.145392000722910325e+03
2.032522343572103864e+03 -6.610311157144078964e-02 6.427359483308882349e-02 -1.179054444539197220e+03
2.032593074849636878e+03 -6.571925590643812320e-02 6.175330101412410122e-02 -1.214231047023686870e+03
2.032663806127169892e+03 -6.528841939984725284e-02 5.918888762602552561e-02 -1.251061930828462891e+03
2.032734537404702905e+03 -6.480743558842377849e-02 5.657904113644241645e-02 -1.289706256466471359e+03
2.032805268682235919e+03 -6.427277479979441599e-02 5.392236574367811897e-02 -1.330345719985530195e+03
2.032875999959768933e+03 -6.368048401289122529e-02 5.121737824853082183e-02 -1.373188867246469499e+03
