2.010356112597776246e+03 -3.044422001340214151e-02 1.761885067216296119e-01 1.360035886926012267e+02
2.010409814071673964e+03 -3.101002136021776406e-02 1.759228689511140031e-01 1.285948708427161762e+02
2.010463515545571681e+03 -3.157377154437228384e-02 1.756455947596342881e-01 1.211763454668705577e+02
2.010517217019469399e+03 -3.213543272289073188e-02 1.753566994312335536e-01 1.137471965401193899e+02
2.010570918493367117e+03 -3.269496679790976496e-02 1.750561969905722881e-01 1.063066029191086699e+02
2.010624619967264834e+03 -3.325233539902634761e-02 1.747441002089634154e-01 9.885373784364041683e+01
2.010678321441162325e+03 -3.380749986544653862e-02 1.744204206096718890e-01 9.138776843103343595e+01
2.010732022915060043e+03 -3.436042122792956621e-02 1.740851684724780690e-01 8.390785516229840368e+01
2.010785724388957760e+03 -3.491106019046591458e-02 1.737383528375247566e-01 7.641315135983934681e+01
2.010839425862855478e+03 -3.545937711171651824e-02 1.733799815084333396e-01 6.890280265523702496e+01
2.010893127336753196e+03 -3.600533198615180064e-02 1.730100610547043727e-01 6.137594644676290301e+01
2.010946828810650914e+03 -3.654888442488296585e-02 1.726285968134009252e-01 5.383171134556312865e+01
2.011000530284548631e+03 -3.708999363615569922e-02 1.722355928901143085e-01 4.626921660966844030e+01
2.011054231758446349e+03 -3.762861840548312881e-02 1.718310521592127382e-01 3.868757156489261462e+01
2.011107933232344067e+03 -3.816471707539171448e-02 1.714149762633734031e-01 3.108587501165324696e+01
2.011161634706241784e+03 -3.869824752475130997e-02 1.709873656123922225e-01 2.346321461672141950e+01
2.011215336180139275e+03 -3.922916714766109397e-02 1.705482193812724312e-01 1.581866628888273674e+01
2.011269037654036993e+03 -3.975743283187504334e-02 1.700975355075756701e-01 8.151293537213321727e+00
2.011322739127934710e+03 -4.028300093670408866e-02 1.696353106880571227e-01 4.601468113179739694e-01
2.011376440601832428e+03 -4.080582727040751173e-02 1.691615403745422297e-01 -7.255737178301425949e+00
2.011430142075730146e+03 -4.132586706700886597e-02 1.686762187690627746e-01 -1.499733616053407559e+01
2.011483843549627863e+03 -4.184307496251595676e-02 1.681793388182364624e-01 -2.276564302609076762e+01
2.011537545023525581e+03 -4.235740497050722447e-02 1.676708922068765872e-01 -3.056166657341649895e+01
2.011591246497423299e+03 -4.286881045704841325e-02 1.671508693508242938e-01 -3.838643227952515247e+01
2.011644947971321017e+03 -4.337724411490101462e-02 1.666192593889896378e-01 -4.624098309724007549e+01
2.011698649445218734e+03 -4.388265793698314238e-02 1.660760501745863760e-01 -5.412638028041154570e+01
2.011752350919116452e+03 -4.438500318904074760e-02 1.655212282655497136e-01 -6.204370423874446061e+01
2.011806052393013942e+03 -4.488423038148304373e-02 1.649547789141162790e-01 -6.999405542388963397e+01
2.011859753866911660e+03 -4.538028924034988310e-02 1.643766860555423981e-01 -7.797855524879126676e+01
2.011913455340809378e+03 -4.587312867733077393e-02 1.637869322959710494e-01 -8.599834704162449839e+01
2.011967156814707096e+03 -4.636269675882718350e-02 1.631854988993831634e-01 -9.405459703691717266e+01
2.012020858288604813e+03 -4.684894067397411127e-02 1.625723657736471428e-01 -1.021484954053637324e+02
2.012074559762502531e+03 -4.733180670157802888e-02 1.619475114556287454e-01 -1.102812573246386734e+02
2.012128261236400249e+03 -4.781124017590950709e-02 1.613109130953394310e-01 -1.184541240933484261e+02
2.012181962710297967e+03 -4.828718545129052908e-02 1.606625464390994129e-01 -1.266683642904500147e+02
2.012235664184195684e+03 -4.875958586541102174e-02 1.600023858116871867e-01 -1.349252749825447495e+02
2.012289365658093402e+03 -4.922838370130563912e-02 1.593304040974456992e-01 -1.432261829816359864e+02
2.012343067131990892e+03 -4.969352014791904998e-02 1.586465727203224263e-01 -1.515724461560431848e+02
2.012396768605888610e+03 -5.015493525919308138e-02 1.579508616227903173e-01 -1.599654547976149956e+02
2.012450470079786328e+03 -5.061256791156853313e-02 1.572432392436614035e-01 -1.684066330478748910e+02
2.012504171553684046e+03 -5.106635575985468689e-02 1.565236724947019209e-01 -1.768974403871954166e+02
2.012557873027581763e+03 -5.151623519134854862e-02 1.557921267360506679e-01 -1.854393731901841704e+02
2.012611574501479481e+03 -5.196214127812001649e-02 1.550485657503893888e-01 -1.940339663514998563e+02
2.012665275975377199e+03 -5.240400772736171497e-02 1.542929517158211639e-01 -2.026827949864680818e+02
2.012718977449274917e+03 -5.284176682969504019e-02 1.535252451774150317e-01 -2.113874762112617134e+02
2.012772678923172634e+03 -5.327534940532092228e-02 1.527454050173680244e-01 -2.201496710078913850e+02
2.012826380397070352e+03 -5.370468474789350660e-02 1.519533884237330712e-01 -2.289710861797203165e+02
2.012880081870968070e+03 -5.412970056598870316e-02 1.511491508576581766e-01 -2.378534764037391085e+02
2.012933783344865560e+03 -5.455032292202845884e-02 1.503326460190806124e-01 -2.467986463863913968e+02
2.012987484818763278e+03 -5.496647616852549934e-02 1.495038258107904416e-01 -2.558084531306408280e+02
2.013041186292660996e+03 -5.537808288146513908e-02 1.486626403008486086e-01 -2.648848083218521197e+02
2.013094887766558713e+03 -5.578506379069259058e-02 1.478090376832129349e-01 -2.740296808421504693e+02
2.013148589240456431e+03 -5.618733770709852249e-02 1.469429642365443767e-01 -2.832450994224013243e+02
2.013202290714354149e+03 -5.658482144642281580e-02 1.460643642810858511e-01 -2.925331554426233538e+02
2.013255992188251867e+03 -5.697742974946606170e-02 1.451731801335189587e-01 -3.018960058922430107e+02
2.013309693662149584e+03 -5.736507519848801223e-02 1.442693520597007062e-01 -3.113358765025145658e+02
2.013363395136047302e+03 -5.774766812955274553e-02 1.433528182251647409e-01 -3.208550650642241635e+02
2.013417096609945020e+03 -5.812511654056462529e-02 1.424235146432706323e-01 -3.304559449444392385e+02
2.013470798083842510e+03 -5.849732599471658967e-02 1.414813751208773285e-01 -3.401409688164445697e+02
2.013524499557740228e+03 -5.886419951906317338e-02 1.405263312013807775e-01 -3.499126726174246755e+02
2.013578201031637946e+03 -5.922563749787630727e-02 1.395583121050348874e-01 -3.597736797474263426e+02
2.013631902505535663e+03 -5.958153756047504523e-02 1.385772446663314783e-01 -3.697267055241065350e+02
2.013685603979433381e+03 -5.993179446313861430e-02 1.375830532683438856e-01 -3.797745619058197235e+02
2.013739305453331099e+03 -6.027629996472639445e-02 1.365756597738655986e-01 -3.899201624960593335e+02
2.013793006927228816e+03 -6.061494269558364428e-02 1.355549834531896147e-01 -4.001665278421452854e+02
2.013846708401126534e+03 -6.094760801929460098e-02 1.345209409083852614e-01 -4.105167910421636179e+02
2.013900409875024252e+03 -6.127417788680517008e-02 1.334734459939131979e-01 -4.209742036765063062e+02
2.013954111348921970e+03 -6.159453068241211443e-02 1.324124097334311023e-01 -4.315421420841330473e+02
2.014007812822819687e+03 -6.190854106107095828e-02 1.313377402326253440e-01 -4.422241140087343183e+02
2.014061514296717178e+03 -6.221607977643109355e-02 1.302493425879043265e-01 -4.530237656460139988e+02
2.014115215770614896e+03 -6.251701349896858495e-02 1.291471187907323459e-01 -4.639448891302945981e+02
2.014168917244512613e+03 -6.281120462349511213e-02 1.280309676274656028e-01 -4.749914305042279921e+02
2.014222618718410331e+03 -6.309851106530743603e-02 1.269007845743508611e-01 -4.861674982235085736e+02
2.014276320192308049e+03 -6.337878604412067185e-02 1.257564616874896624e-01 -4.974773722528820485e+02
2.014330021666205766e+03 -6.365187785487071148e-02 1.245978874874253822e-01 -5.089255138167543464e+02
2.014383723140103484e+03 -6.391762962437819162e-02 1.234249468380156367e-01 -5.205165758737417718e+02
2.014437424614001202e+03 -6.417587905275738691e-02 1.222375208191978369e-01 -5.322554143913746429e+02
2.014491126087898920e+03 -6.442645813834836643e-02 1.210354865932135315e-01 -5.441471005047411609e+02
2.014544827561796637e+03 -6.466919288482209094e-02 1.198187172638157938e-01 -5.561969336501415455e+02
2.014598529035694355e+03 -6.490390298897083521e-02 1.185870817279239264e-01 -5.684104557709106302e+02
2.014652230509591845e+03 -6.513040150754662028e-02 1.173404445191590928e-01 -5.807934666952405678e+02
2.014705931983489563e+03 -6.534849450135667148e-02 1.160786656426193580e-01 -5.933520407840771895e+02
2.014759633457387281e+03 -6.555798065463591673e-02 1.148016004003331453e-01 -6.060925449386985520e+02
2.014813334931284999e+03 -6.575865086757913536e-02 1.135090992066595528e-01 -6.190216580490151728e+02
2.014867036405182716e+03 -6.595028781970016518e-02 1.122010073930972268e-01 -6.321463919542941312e+02
2.014920737879080434e+03 -6.613266550151943035e-02 1.108771650018983007e-01 -6.454741139925807829e+02
2.014974439352978152e+03 -6.630554871185898036e-02 1.095374065679523140e-01 -6.590125712367117785e+02
2.015028140826875870e+03 -6.646869251777512422e-02 1.081815608884140606e-01 -6.727699165579524561e+02
2.015081842300773587e+03 -6.662184167385105937e-02 1.068094507795114556e-01 -6.867547367179089406e+02
2.015135543774671305e+03 -6.676472999718993662e-02 1.054208928198879652e-01 -7.009760827549970372e+02
2.015189245248568795e+03 -6.689707969399849574e-02 1.040156970797054131e-01 -7.154435029930368728e+02
2.015242946722466513e+03 -6.701860063311826377e-02 1.025936668345212577e-01 -7.301670790517665637e+02
2.015296648196364231e+03 -6.712898956124389860e-02 1.011545982628983542e-01 -7.451574652825545400e+02
2.015350349670261949e+03 -6.722792925389141361e-02 9.969828012629763925e-02 -7.604259320996096676e+02
2.015404051144159666e+03 -6.731508759538090692e-02 9.822449342982593479e-02 -7.759844137254957559e+02
2.015457752618057384e+03 -6.739011658021626383e-02 9.673301106207844724e-02 -7.918455609253677494e+02
2.015511454091955102e+03 -6.745265122723989593e-02 9.522359741217106821e-02 -8.080227993490714198e+02
2.015565155565852820e+03 -6.750230839682662409e-02 9.369600796190596936e-02 -8.245303941169836435e+02
2.015618857039750537e+03 -6.753868550017136374e-02 9.214998885094528858e-02 -8.413835212624395581e+02
2.015672558513648255e+03 -6.756135908844061733e-02 9.058527641295520405e-02 -8.585983465994884227e+02
2.015726259987545973e+03 -6.756988330817494115e-02 8.900159668089219211e-02 -8.761921125809667501e+02
2.015779961461443463e+03 -6.756378820777345084e-02 8.739866485989780664e-02 -8.941832338317705080e+02
2.015833662935341181e+03 -6.754257787801094814e-02 8.577618476641130085e-02 -9.125914023356514235e+02
2.015887364409238899e+03 -6.750572840715839129e-02 8.413384823223228615e-02 -9.314377036836129946e+02
2.015941065883136616e+03 -6.745268562826919889e-02 8.247133447172651233e-02 -9.507447462637404669e+02
2.015994767357034334e+03 -6.738286263249763930e-02 8.078830941010341216e-02 -9.705368056885389478e+02
2.016048468830932052e+03 -6.729563701790901298e-02 7.908442496999168458e-02 -9.908399871193810213e+02
2.016102170304829770e+03 -6.719034783805825917e-02 7.735931831305650763e-02 -1.011682408515095176e+03
2.016155871778727487e+03 -6.706629220853164985e-02 7.561261103295838226e-02 -1.033094408260339151e+03
2.016209573252625205e+03 -6.692272152248997241e-02 7.384390829565376513e-02 -1.055108781087563329e+03
2.016263274726522923e+03 -6.675883721790963621e-02 7.205279792302950181e-02 -1.077761046575049704e+03
2.016316976200420413e+03 -6.657378602964252046e-02 7.023884941645026914e-02 -1.101089754701544507e+03
2.016370677674318131e+03 -6.636665464851979057e-02 6.840161291818734612e-02 -1.125136833147701736e+03
2.016424379148215849e+03 -6.613646369707044947e-02 6.654061811112071956e-02 -1.149947981781762564e+03
2.016478080622113566e+03 -6.588216091585062661e-02 6.465537305937972545e-02 -1.175573121596990859e+03
2.016531782096011284e+03 -6.560261343444542814e-02 6.274536299501495829e-02 -1.202066908248526943e+03
2.016585483569909002e+03 -6.529659897537287705e-02 6.081004905726676568e-02 -1.229489323668138013e+03
2.016639185043806719e+03 -6.496279580641109441e-02 5.884886699282637634e-02 -1.257906362514531565e+03
2.016692886517704437e+03 -6.459977121613036388e-02 5.686122582842145085e-02 -1.287390833633154216e+03
2.016746587991602155e+03 -6.420596823683914767e-02 5.484650653205351556e-02 -1.318023300781465423e+03
2.016800289465499873e+03 -6.377969027611814223e-02 5.280406068720216312e-02 -1.349893191712300222e+03
2.016853990939397590e+03 -6.331908323967466723e-02 5.073320921699198821e-02 -1.383100109786295434e+03
2.016907692413295081e+03 -6.282211463105644156e-02 4.863324121539270434e-02 -1.417755387716865698e+03
2.016961393887192799e+03 -6.228654899216436863e-02 4.650341297244154487e-02 -1.453983931359897497e+03
2.017015095361090516e+03 -6.170991889142168202e-02 4.434294732154742125e-02 -1.491926416744757717e+03
2.017068796834988234e+03 -6.108949045629684382e-02 4.215103348928167515e-02 -1.531741927279892479e+03
2.017122498308885952e+03 -6.042222216292799514e-02 3.992682769808653803e-02 -1.573611147834479652e+03
2.017176199782783669e+03 -5.970471521335304899e-02 3.766945487121955982e-02 -1.617740267237315948e+03
2.017229901256681387e+03 -5.893315331654777611e-02 3.537801193598717753e-02 -1.664365784425950778e+03
2.017283602730579105e+03 -5.810322899169786948e-02 3.305157344115306622e-02 -1.713760470282365532e+03
2.017337304204476823e+03 -5.721005255752879826e-02 3.068920053785820570e-02 -1.766240808359125140e+03
2.017391005678374540e+03 -5.624803865396850455e-02 2.828995488504131017e-02 -1.822176330215239659e+03
2.017444707152272031e+03 -5.521076328900620389e-02 2.585291982573570055e-02 -1.882001400441763735e+03
2.017498408626169748e+03 -5.409078172227523018e-02 2.337723238638943560e-02 -1.946230222802118760e+03
2.017552110100067466e+03 -5.287939353050998686e-02 2.086213153687390201e-02 -2.015476139107691552e+03
2.017605811573965184e+03 -5.156633524994239798e-02 1.830703118728167073e-02 -2.090476676837916784e+03
2.017659513047862902e+03 -5.013937192471541737e-02 1.571163143654541808e-02 -2.172126285802652546e+03
2.017713214521760619e+03 -4.858374479496888054e-02 1.307609016403798834e-02 -2.261519264498632310e+03
2.017766915995658337e+03 -4.688140995389088184e-02 1.040129207535780802e-02 -2.360005864910956461e+03
2.017820617469556055e+03 -4.500996623689457188e-02 7.689279446053836481e-03 -2.469264577009466848e+03
2.017874318943453773e+03 -4.294110902751401698e-02 4.943959592381971108e-03 -2.591391784099022516e+03
2.017928020417351490e+03 -4.063833978787825818e-02 2.172303317377423382e-03 -2.729001840106119744e+03
2.017981721891249208e+03 -3.805347072508473427e-02 -6.135477760925126152e-04 -2.885302257142167491e+03
2.018035423365146698e+03 -3.512111818387742695e-02 -3.392405666666593270e-03 -3.064015867011840328e+03
2.018089124839044416e+03 -3.174975212357449006e-02 -6.126515565290485341e-03 -3.268714559413284405e+03
2.018142826312942134e+03 -2.780682374940647225e-02 -8.746020119524331587e-03 -3.500064066839913266e+03
2.018196527786839852e+03 -2.309446903470406889e-02 -1.111459751565702092e-02 -3.745556919121906503e+03
2.018250229260737569e+03 -1.731690329264348738e-02 -1.294915090854240752e-02 -3.941527966776905487e+03
2.018303930734635287e+03 -1.009141962469147120e-02 -1.364063176421680124e-02 -3.844089158776215299e+03
2.018357632208533005e+03 -1.322629281615700456e-03 -1.206132299130609903e-02 -2.840404485228629710e+03
2.018411333682430723e+03 7.700147814125544825e-03 -7.420306758757742177e-03 -8.838337552683528884e+02
2.018465035156328440e+03 1.504123810214069192e-02 -9.486096402280420198e-04 6.301647808029188127e+02
2.018518736630226158e+03 2.041098006575017137e-02 5.756532592613585776e-03 1.365701221683908898e+03
2.018572438104123648e+03 2.435736332555903452e-02 1.210085039059036888e-02 1.688141501707890484e+03
2.018626139578021366e+03 2.734841801521251461e-02 1.798677573750645173e-02 1.825952449252599990e+03
2.018679841051919084e+03 2.967995184950398060e-02 2.344641537480878293e-02 1.878609395131422616e+03
2.018733542525816802e+03 3.153602600960613705e-02 2.853436403844884783e-02 1.889620559539481974e+03
2.018787243999714519e+03 3.303548925870980479e-02 3.330190588282428560e-02 1.879296540930350602e+03
2.018840945473612237e+03 3.425849742279245963e-02 3.779217688562784561e-02 1.857767328814301663e+03
2.018894646947509955e+03 3.526130535899148211e-02 4.204047451452119777e-02 1.830372197794339627e+03
2.018948348421407673e+03 3.608477118019083607e-02 4.607560707600625444e-02 1.800048461375410852e+03
2.019002049895305390e+03 3.675944740118013837e-02 4.992123174097908012e-02 1.768462763277465228e+03
2.019055751369203108e+03 3.730875290970041280e-02 5.359695514342766032e-02 1.736579201480324627e+03
2.019109452843100826e+03 3.775102252646541506e-02 5.711919018361680256e-02 1.704959328065039017e+03
2.019163154316998316e+03 3.810087485241824001e-02 6.050181243649632029e-02 1.673927422723237441e+03
2.019216855790896034e+03 3.837015148066780929e-02 6.375666245629670048e-02 1.643664827537857036e+03
2.019270557264793752e+03 3.856857822370923089e-02 6.689393215250542812e-02 1.614265420375978010e+03
2.019324258738691469e+03 3.870424107652611911e-02 6.992246444241530245e-02 1.585769079768886286e+03
2.019377960212589187e+03 3.878393569057112661e-02 7.284998790667832069e-02 1.558182313884939504e+03
2.019431661686486905e+03 3.881342857954318826e-02 7.568330241911852552e-02 1.531491199388929772e+03
2.019485363160384622e+03 3.879765548773658063e-02 7.842842745973956087e-02 1.505669599867257602e+03
2.019539064634282340e+03 3.874087420038566099e-02 8.109072172060505235e-02 1.480684422057418260e+03
2.019592766108180058e+03 3.864678376852443559e-02 8.367498037987161630e-02 1.456498980446952601e+03
2.019646467582077776e+03 3.851861860498929924e-02 8.618551482819893084e-02 1.433075144602819591e+03
2.019700169055975493e+03 3.835922353657178485e-02 8.862621850087387676e-02 1.410374703019694607e+03
2.019753870529872984e+03 3.817111425891842047e-02 9.100062163992268804e-02 1.388360220819573897e+03
2.019807572003770701e+03 3.795652648199561441e-02 9.331193717864180726e-02 1.366995566808022886e+03
2.019861273477668419e+03 3.771745622219472432e-02 9.556309945333711642e-02 1.346246221746812580e+03
2.019914974951566137e+03 3.745569309439705785e-02 9.775679707270362728e-02 1.326079439864486631e+03
2.019968676425463855e+03 3.717284801618649798e-02 9.989550098635009701e-02 1.306464310193830897e+03
2.020022377899361572e+03 3.687037641081019473e-02 1.019814885725514875e-01 1.287371749193057667e+03
2.020076079373259290e+03 3.654959775463063193e-02 1.040168643990732195e-01 1.268774448296769151e+03
2.020129780847157008e+03 3.621171213593562394e-02 1.060035781894246437e-01 1.250646795255137704e+03
2.020183482321054726e+03 3.585781435678835061e-02 1.079434404358428218e-01 1.232964783126377597e+03
2.020237183794952443e+03 3.548890600460527511e-02 1.098381360267790263e-01 1.215705915570934849e+03
2.020290885268849934e+03 3.510590583704916584e-02 1.116892361941225070e-01 1.198849113059223555e+03
2.020344586742747651e+03 3.470965875780153420e-02 1.134982090323858189e-01 1.182374622190480977e+03
2.020398288216645369e+03 3.430094360844303247e-02 1.152664287977183122e-01 1.166263928954185758e+03
2.020451989690543087e+03 3.388047995996787409e-02 1.169951841582977242e-01 1.150499675882442261e+03
2.020505691164440805e+03 3.344893405426817290e-02 1.186856855370585218e-01 1.135065582596386093e+03
2.020559392638338522e+03 3.300692401940880094e-02 1.203390716633368496e-01 1.119946369394786643e+03
2.020613094112236240e+03 3.255502446162367169e-02 1.219564154311321147e-01 1.105127684138022687e+03
2.020666795586133958e+03 3.209377052051953783e-02 1.235387291480020966e-01 1.090596033228289798e+03
2.020720497060031676e+03 3.162366146080268503e-02 1.250869692484201656e-01 1.076338717548300565e+03
2.020774198533929393e+03 3.114516386293750966e-02 1.266020405369248092e-01 1.062343773829172960e+03
2.020827900007827111e+03 3.065871446586078061e-02 1.280848000184829083e-01 1.048599921414444225e+03
2.020881601481724601e+03 3.016472270693816918e-02 1.295360603659630461e-01 1.035096514039670865e+03
2.020935302955622319e+03 2.966357299758497559e-02 1.309565930677737411e-01 1.021823496096783742e+03
2.020989004429520037e+03 2.915562676733559483e-02 1.323471312925048049e-01 1.008771362812551615e+03
2.021042705903417755e+03 2.864122430429670921e-02 1.337083725022937819e-01 9.959311237557984668e+02
2.021096407377315472e+03 2.812068641596957366e-02 1.350409808417693813e-01 9.832942690942768422e+02
2.021150108851213190e+03 2.759431593099869601e-02 1.363455893255163254e-01 9.708527380812550973e+02
2.021203810325110908e+03 2.706239905960113393e-02 1.376228018436130018e-01 9.585988893981354977e+02
2.021257511799008626e+03 2.652520662811279697e-02 1.388731950022350226e-01 9.465254731822903977e+02
2.021311213272906343e+03 2.598299520118598979e-02 1.400973198144812304e-01 9.346256047507745279e+02
2.021364914746804061e+03 2.543600810359882003e-02 1.412957032552823733e-01 9.228927401197900053e+02
2.021418616220701551e+03 2.488447635227985372e-02 1.424688496932212112e-01 9.113206534030521198e+02
2.021472317694599269e+03 2.432861950793008959e-02 1.436172422111238467e-01 8.999034160916578458e+02
2.021526019168496987e+03 2.376864645459257977e-02 1.447413438261411500e-01 8.886353781319570544e+02
2.021579720642394705e+03 2.320475611445309630e-02 1.458415986191192726e-01 8.775111506574245368e+02
2.021633422116292422e+03 2.263713810438097371e-02 1.469184327818262026e-01 8.665255902078454255e+02
2.021687123590190140e+03 2.206597333990082191e-02 1.479722555897189096e-01 8.556737842659498483e+02
2.021740825064087858e+03 2.149143459164207237e-02 1.490034603069989028e-01 8.449510379484918303e+02
2.021794526537985575e+03 2.091368699873068920e-02 1.500124250299060824e-01 8.343528616957732993e+02
2.021848228011883293e+03 2.033288854308141005e-02 1.509995134734670730e-01 8.238749598111869545e+02
2.021901929485781011e+03 1.974919048811122138e-02 1.519650757062680491e-01 8.135132197153862990e+02
2.021955630959678729e+03 1.916273778500969527e-02 1.529094488372465810e-01 8.032637018025415045e+02
2.022009332433576219e+03 1.857366944937934028e-02 1.538329576580300673e-01 7.931226298192008244e+02
2.022063033907473937e+03 1.798211891075920249e-02 1.547359152440090369e-01 7.830863817232118436e+02
2.022116735381371655e+03 1.738821433735750904e-02 1.556186235169943199e-01 7.731514810135436164e+02
2.022170436855269372e+03 1.679207893802255394e-02 1.564813737722597353e-01 7.633145885403253033e+02
2.022224138329167090e+03 1.619383124338249005e-02 1.573244471724880023e-01 7.535724948108089620e+02
2.022277839803064808e+03 1.559358536786420273e-02 1.581481152110984223e-01 7.439221127987080990e+02
2.022331541276962525e+03 1.499145125416212129e-02 1.589526401472676487e-01 7.343604712510901891e+02
2.022385242750860243e+03 1.438753490158233526e-02 1.597382754148050088e-01 7.248847084731797850e+02
2.022438944224757961e+03 1.378193857955545103e-02 1.605052660068804204e-01 7.154920665611034565e+02
2.022492645698655679e+03 1.317476102749058457e-02 1.612538488384382684e-01 7.061798860469663168e+02
2.022546347172553169e+03 1.256609764203361380e-02 1.619842530879573583e-01 6.969456009190573695e+02
2.022600048646450887e+03 1.195604065268236239e-02 1.626967005200876948e-01 6.877867339807766029e+02
2.022653750120348604e+03 1.134467928667239577e-02 1.633914057904862493e-01 6.787008925148059006e+02
2.022707451594246322e+03 1.073209992387888154e-02 1.640685767341534540e-01 6.696857642202094212e+02
2.022761153068144040e+03 1.011838624250217811e-02 1.647284146383413417e-01 6.607391133938983785e+02
2.022814854542041758e+03 9.503619356187034337e-03 1.653711145010702543e-01 6.518587773293679675e+02
2.022868556015939475e+03 8.887877943183287305e-03 1.659968652761613650e-01 6.430426629083115131e+02
2.022922257489837193e+03 8.271238368110138059e-03 1.666058501056190688e-01 6.342887433636598189e+02
2.022975958963734911e+03 7.653774796832033857e-03 1.671982465401157525e-01 6.255950551959211907e+02
2.023029660437632629e+03 7.035559304920972409e-03 1.677742267482603966e-01 6.169596952286781288e+02
2.023083361911530346e+03 6.416661980141230917e-03 1.683339577152945521e-01 6.083808177929918202e+02
2.023137063385427837e+03 5.797151019360034796e-03 1.688776014317887320e-01 5.998566320341487881e+02
2.023190764859325554e+03 5.177092820241981433e-03 1.694053150729168677e-01 5.913853993367952171e+02
2.023244466333223272e+03 4.556552068115874224e-03 1.699172511687882525e-01 5.829654308671886156e+02
2.023298167807120990e+03 3.935591818277211183e-03 1.704135577663879186e-01 5.745950852306876868e+02
2.023351869281018708e+03 3.314273574067144908e-03 1.708943785835613793e-01 5.662727662438985590e+02
2.023405570754916425e+03 2.692657360988206117e-03 1.713598531555148019e-01 5.579969208193024315e+02
2.023459272228814143e+03 2.070801797112721901e-03 1.718101169742550505e-01 5.497660369593600080e+02
2.023512973702711861e+03 1.448764160025415183e-03 1.722453016213822963e-01 5.415786418560260245e+02
2.023566675176609579e+03 8.266004505175229529e-04 1.726655348946168067e-01 5.334333000906035522e+02
2.023620376650507296e+03 2.043654532383803383e-04 1.730709409284176270e-01 5.253286119282574873e+02
2.023674078124404787e+03 -4.178872055036949315e-04 1.734616403090332437e-01 5.172632117011836499e+02
2.023727779598302504e+03 -1.040105002629332668e-03 1.738377501843036410e-01 5.092357662741044919e+02
2.023781481072200222e+03 -1.662236465665100109e-03 1.741993843684796484e-01 5.012449735865849902e+02
2.023835182546097940e+03 -2.284231122503688031e-03 1.745466534423646687e-01 4.932895612658269897e+02
2.023888884019995658e+03 -2.906039453370556393e-03 1.748796648490061334e-01 4.853682853050630683e+02
2.023942585493893375e+03 -3.527612844877894924e-03 1.751985229851761583e-01 4.774799288024075850e+02
2.023996286967791093e+03 -4.148903546039372364e-03 1.755033292888584506e-01 4.696233007556618304e+02
2.024049988441688811e+03 -4.769864626128675344e-03 1.757941823229446920e-01 4.617972349089503155e+02
2.024103689915586529e+03 -5.390449934275441148e-03 1.760711778553249174e-01 4.540005886473686019e+02
2.024157391389484246e+03 -6.010614060694875402e-03 1.763344089355501354e-01 4.462322419362349706e+02
2.024211092863381964e+03 -6.630312299454987901e-03 1.765839659682291729e-01 4.384910963018380130e+02
2.024264794337279454e+03 -7.249500612691186716e-03 1.768199367833124258e-01 4.307760738508348481e+02
2.024318495811177172e+03 -7.868135596196982467e-03 1.770424067034119808e-01 4.230861163255907513e+02
2.024372197285074890e+03 -8.486174446273281324e-03 1.772514586082778454e-01 4.154201841935813491e+02
2.024425898758972608e+03 -9.103574927814023221e-03 1.774471729965753919e-01 4.077772557681204830e+02
2.024479600232870325e+03 -9.720295343516024977e-03 1.776296280450715415e-01 4.001563263590149973e+02
2.024533301706768043e+03 -1.033629450416492616e-02 1.777988996653425691e-01 3.925564074511940476e+02
2.024587003180665761e+03 -1.095153169992886706e-02 1.779550615581144690e-01 3.849765259098159049e+02
2.024640704654563478e+03 -1.156596667260216191e-02 1.780981852653301944e-01 3.774157232103922297e+02
2.024694406128461196e+03 -1.217955958874153248e-02 1.782283402200431077e-01 3.698730546926362308e+02
2.024748107602358914e+03 -1.279227101364006566e-02 1.783455937942248770e-01 3.623475888368099049e+02
2.024801809076256404e+03 -1.340406188609006080e-02 1.784500113445698088e-01 3.548384065614209817e+02
2.024855510550154122e+03 -1.401489349389586740e-02 1.785416562563856002e-01 3.473446005410426665e+02
2.024909212024051840e+03 -1.462472745005739989e-02 1.786205899856334045e-01 3.398652745436430678e+02
2.024962913497949557e+03 -1.523352566962990658e-02 1.786868720992043913e-01 3.323995427857923914e+02
2.025016614971847275e+03 -1.584125034718149652e-02 1.787405603134909760e-01 3.249465293052279549e+02
2.025070316445744993e+03 -1.644786393482188663e-02 1.787817105313258270e-01 3.175053673496449846e+02
2.025124017919642711e+03 -1.705332912076488322e-02 1.788103768773453284e-01 3.100751987807668115e+02
2.025177719393540428e+03 -1.765760880838910390e-02 1.788266117318406401e-01 3.026551734927411417e+02
2.025231420867438146e+03 -1.826066609575766747e-02 1.788304657631497874e-01 2.952444488440139025e+02
2.025285122341335864e+03 -1.886246425557147263e-02 1.788219879586454841e-01 2.878421891016670315e+02
2.025338823815233582e+03 -1.946296671551661292e-02 1.788012256543669853e-01 2.804475648974286628e+02
2.025392525289131072e+03 -2.006213703898042378e-02 1.787682245633458178e-01 2.730597526944171136e+02
2.025446226763028790e+03 -2.065993890611689601e-02 1.787230288026674108e-01 2.656779342636379511e+02
2.025499928236926507e+03 -2.125633609519734721e-02 1.786656809193135909e-01 2.583012961698261165e+02
2.025553629710824225e+03 -2.185129246426875324e-02 1.785962219148240770e-01 2.509290292652066228e+02
2.025607331184721943e+03 -2.244477193305943058e-02 1.785146912688161114e-01 2.435603281907819166e+02
2.025661032658619661e+03 -2.303673846511427106e-02 1.784211269613960038e-01 2.361943908842571602e+02
2.025714734132517378e+03 -2.362715605014072476e-02 1.783155654944978408e-01 2.288304180937728063e+02
2.025768435606415096e+03 -2.421598868653450712e-02 1.781980419121802217e-01 2.214676128967604996e+02
2.025822137080312814e+03 -2.480320036406617051e-02 1.780685898199101391e-01 2.141051802231400814e+02
2.025875838554210532e+03 -2.538875504670177682e-02 1.779272414028612026e-01 2.067423263821710577e+02
2.025929540028108022e+03 -2.597261665553758994e-02 1.777740274432571821e-01 1.993782585922255635e+02
2.025983241502005740e+03 -2.655474905183489304e-02 1.776089773367744984e-01 1.920121845126713822e+02
2.026036942975903457e+03 -2.713511602010292706e-02 1.774321191080419080e-01 1.846433117775642643e+02
2.026090644449801175e+03 -2.771368125125240819e-02 1.772434794252445156e-01 1.772708475299127429e+02
2.026144345923698893e+03 -2.829040832576590336e-02 1.770430836138583430e-01 1.698939979562381666e+02
2.026198047397596611e+03 -2.886526069687365970e-02 1.768309556695372986e-01 1.625119678206534388e+02
2.026251748871494328e+03 -2.943820167371763441e-02 1.766071182701607900e-01 1.551239599977259047e+02
2.026305450345392046e+03 -3.000919440447694098e-02 1.763715927870672384e-01 1.477291750035412576e+02
2.026359151819289764e+03 -3.057820185943904007e-02 1.761243992954813486e-01 1.403268105242265449e+02
2.026412853293187482e+03 -3.114518681399092853e-02 1.758655565841527046e-01 1.329160609413146119e+02
