2.010356112597776246e+03 -3.044388747279608981e-02 1.761865822238896095e-01 -1.360035891242029891e+02
2.016819999999999936e+03 -6.365610466414603485e-02 5.213565052855792525e-02 1.359984690006366236e+03
2.016861200000000053e+03 -6.329726315008794846e-02 5.054290019323084276e-02 1.385669767676466336e+03
2.016902399999999943e+03 -6.291691863867582279e-02 4.893298335873234872e-02 1.412212823309786927e+03
2.016943600000000060e+03 -6.251406563874196964e-02 4.730556495875264111e-02 1.439669976319143871e+03
2.016984799999999950e+03 -6.208761999177672686e-02 4.566029809748171214e-02 1.468102673635636165e+03
2.017026000000000067e+03 -6.163641019880346933e-02 4.399682415769240462e-02 1.497578354221408063e+03
2.017067199999999957e+03 -6.115916755416316714e-02 4.231477322885217329e-02 1.528171214039100505e+03
2.017108400000000074e+03 -6.065451451854888404e-02 4.061376371626929105e-02 1.559963112739038024e+03
2.017149599999999964e+03 -6.012095157196780532e-02 3.889340311303216002e-02 1.593044612071857500e+03
2.017190800000000081e+03 -5.955684189741496104e-02 3.715328882005371897e-02 1.627516195927614945e+03
2.017231999999999971e+03 -5.896039349410091279e-02 3.539300923934017573e-02 1.663489706467584028e+03
2.017273200000000088e+03 -5.832963822229057099e-02 3.361214538156529624e-02 1.701090039338801489e+03
2.017314399999999978e+03 -5.766240722466516033e-02 3.181027344007416463e-02 1.740457147648913633e+03
2.017355600000000095e+03 -5.695630180440022089e-02 2.998696826157275577e-02 1.781748429862501325e+03
2.017396799999999985e+03 -5.620865871523157004e-02 2.814180806241207630e-02 1.825141588112403952e+03
2.017438000000000102e+03 -5.541650859338617674e-02 2.627438101521517577e-02 1.870838061812601836e+03
2.017479199999999992e+03 -5.457652577588877063e-02 2.438429423671705995e-02 1.919067175390953707e+03
2.017520400000000109e+03 -5.368496727184463718e-02 2.247118608324072050e-02 1.970091172039181174e+03
2.017561599999999999e+03 -5.273759797312591036e-02 2.053474307613526936e-02 2.024211348584275584e+03
2.017602800000000116e+03 -5.172959811633439514e-02 1.857472309854497558e-02 2.081775567618255536e+03
2.017644000000000005e+03 -5.065544774290636071e-02 1.659098752102643529e-02 2.143187483792962212e+03
2.017685199999999895e+03 -4.950878111313421204e-02 1.458354630926937158e-02 2.208917887849387625e+03
2.017726400000000012e+03 -4.828220070858511848e-02 1.255262097459360071e-02 2.279518675351580896e+03
2.017767599999999902e+03 -4.696703741042738273e-02 1.049873487591195670e-02 2.355639930087759240e+03
2.017808800000000019e+03 -4.555303637760155233e-02 8.422842957006067971e-03 2.438050608568509233e+03
2.017849999999999909e+03 -4.402794030565476691e-02 6.326522405139872393e-03 2.527662901172668626e+03
2.017920000000000073e+03 -4.113850981601595985e-02 2.725638558012171038e-03 2.699586150036644995e+03
2.017936842105263167e+03 -4.037879447762229151e-02 1.853769284767403354e-03 2.745236954443944342e+03
2.017953684210526262e+03 -3.959084105550673971e-02 9.806115646121644699e-04 2.792761655765214527e+03
2.017970526315789584e+03 -3.877280206519043843e-02 1.067178311537901630e-04 2.842273505603851390e+03
2.017987368421052679e+03 -3.792263806248079294e-02 -7.672536898070307990e-04 2.893890327643486671e+03
2.018004210526315774e+03 -3.703809076520533927e-02 -1.640517167904501040e-03 2.947732941485980064e+03
2.018021052631578868e+03 -3.611665161126324797e-02 -2.512132050922512554e-03 3.003922579162946022e+03
2.018037894736842190e+03 -3.515552485991402243e-02 -3.380969185105686149e-03 3.062576813109678369e+03
2.018054736842105285e+03 -3.415158412772219265e-02 -4.245668284989816653e-03 3.123803286613741875e+03
2.018071578947368380e+03 -3.310132133495569812e-02 -5.104583997632785621e-03 3.187690174167175883e+03
2.018088421052631475e+03 -3.200078654462471667e-02 -5.955717249970716998e-03 3.254291792057492785e+03
2.018105263157894797e+03 -3.084551744181097260e-02 -6.796627064518188932e-03 3.323606952678157995e+03
2.018122105263157891e+03 -2.963045695518323752e-02 -7.624316671505848228e-03 3.395546440901298411e+03
2.018138947368420986e+03 -2.834985820669993009e-02 -8.435085313750475405e-03 3.469884077145897209e+03
2.018155789473684308e+03 -2.699717687049664125e-02 -9.224334334482700917e-03 3.546182931231709063e+03
2.018172631578947403e+03 -2.556495346650460715e-02 -9.986312224046535457e-03 3.623683810505111524e+03
2.018189473684210498e+03 -2.404469295735271392e-02 -1.071377852166323537e-02 3.701136511710367358e+03
2.018206315789473592e+03 -2.242675842907805236e-02 -1.139756119139022188e-02 3.776544802719069594e+03
2.018223157894736914e+03 -2.070031324456980681e-02 -1.202597795510338199e-02 3.846783594488139897e+03
2.018240000000000009e+03 -1.885337845618246383e-02 -1.258409336653298037e-02 3.907033688201897348e+03
2.018279999999999973e+03 -1.390907255357883184e-02 -1.350555613485892974e-02 3.959965093417521530e+03
2.018289523809523871e+03 -1.260300059369461913e-02 -1.361063582766158797e-02 3.938937691180688489e+03
2.018299047619047542e+03 -1.124413965010552519e-02 -1.365857731047627130e-02 3.897648175433762390e+03
2.018308571428571440e+03 -9.832169080425036400e-03 -1.364184473978567735e-02 3.831552016724967416e+03
2.018318095238095339e+03 -8.367975088141041060e-03 -1.355245394167445792e-02 3.735756595508098144e+03
2.018327619047619010e+03 -6.854048711545855828e-03 -1.338226968260482729e-02 3.605387729581445456e+03
2.018337142857142908e+03 -5.294890532795143087e-03 -1.312346237654086686e-02 3.436179706714329768e+03
2.018346666666666579e+03 -3.697347241162653782e-03 -1.276912998256118752e-02 3.225280664758111470e+03
2.018356190476190477e+03 -2.070774292960238586e-03 -1.231404623517442197e-02 2.972169175130885833e+03
2.018365714285714375e+03 -4.269090765368750923e-04 -1.175543437349392366e-02 2.679455579901929013e+03
2.018375238095238046e+03 1.220627135015784964e-03 -1.109360708669178061e-02 2.353257594028348194e+03
2.018384761904761945e+03 2.857192903337168674e-03 -1.033229399833363732e-02 2.002883872220993453e+03
2.018394285714285616e+03 4.468232281032015300e-03 -9.478528266573785568e-03 1.639773353417057479e+03
2.018403809523809514e+03 6.040403924545025352e-03 -8.542080319972158650e-03 1.275940276788316851e+03
2.018413333333333412e+03 7.562498694018334952e-03 -7.534560729257328178e-03 9.223844350349294245e+02
2.018422857142857083e+03 9.025985148837950903e-03 -6.468399483063072726e-03 5.879077777398038052e+02
2.018432380952380981e+03 1.042514550252922161e-02 -5.355909430799116709e-03 2.785611586949593175e+02
2.018441904761904652e+03 1.175687405308852018e-02 -4.208572792899785593e-03 -2.315476468991906067e+00
2.018451428571428551e+03 1.302026547305444593e-02 -3.036598322377235745e-03 -2.536594653740746708e+02
2.018460952380952449e+03 1.421612011019247543e-02 -1.848724447405911955e-03 -4.760882057916948611e+02
2.018470476190476120e+03 1.534646070200344770e-02 -6.522067181714057095e-04 -6.713111622580105404e+02
2.018480000000000018e+03 1.641411404479457825e-02 5.470782370239788903e-04 -8.416434337072729477e+02
2.018519999999999982e+03 2.029085458760513522e-02 5.526336967542413124e-03 -1.342265261214093471e+03
2.018538947368421077e+03 2.183569318967532730e-02 7.818660030891431620e-03 -1.491406958357877784e+03
2.018557894736842172e+03 2.322677001289907492e-02 1.005635873504573570e-02 -1.602691280630510391e+03
2.018576842105263268e+03 2.448454926382978222e-02 1.223665579376127625e-02 -1.685601707002706689e+03
2.018595789473684135e+03 2.562636772368220503e-02 1.435922756132704953e-02 -1.747149375219374633e+03
2.018614736842105231e+03 2.666681912307979768e-02 1.642517115198116606e-02 -1.792503093992032291e+03
2.018633684210526326e+03 2.761817857152300271e-02 1.843636945949617828e-02 -1.825485982934461617e+03
2.018652631578947421e+03 2.849079540397971358e-02 2.039510418542986314e-02 -1.848944276799249792e+03
2.018671578947368516e+03 2.929343125923439956e-02 2.230382218856910223e-02 -1.865014188270736895e+03
2.018690526315789384e+03 3.003354103114437221e-02 2.416499626278453133e-02 -1.875313154705784655e+03
2.018709473684210479e+03 3.071750246185859026e-02 2.598104421605225076e-02 -1.881076757304134844e+03
2.018728421052631575e+03 3.135080234696626528e-02 2.775428385833426242e-02 -1.883257112649946066e+03
2.018747368421052670e+03 3.193818722576660663e-02 2.948691006240123508e-02 -1.882594030812985238e+03
2.018766315789473765e+03 3.248378545895837938e-02 3.118098531917913238e-02 -1.879666881322205427e+03
2.018785263157894633e+03 3.299120642910329665e-02 3.283843847384681353e-02 -1.874932720150834484e+03
2.018804210526315728e+03 3.346362142078934676e-02 3.446106808911049424e-02 -1.868754564180877196e+03
2.018823157894736823e+03 3.390382996422075523e-02 3.605054867745025732e-02 -1.861422542784626103e+03
2.018842105263157919e+03 3.431431442006719484e-02 3.760843806432569159e-02 -1.853169858178325285e+03
2.018861052631579014e+03 3.469728521667145987e-02 3.913618546192019348e-02 -1.844184928030700121e+03
2.018880000000000109e+03 3.505471848486838016e-02 4.063513954115236665e-02 -1.834620697898365052e+03
2.018950000000000045e+03 3.618109848486084079e-02 4.594300764634647732e-02 -1.796079454959097120e+03
2.018989600000000110e+03 3.670168132415217027e-02 4.879982695549756749e-02 -1.773080359622641708e+03
2.019029199999999946e+03 3.715070509608987825e-02 5.156159510165662235e-02 -1.749787986936876223e+03
2.019068800000000010e+03 3.753626437716709591e-02 5.423535850382928819e-02 -1.726482218555661575e+03
2.019108400000000074e+03 3.786516453349470651e-02 5.682732013836343937e-02 -1.703351234318681009e+03
2.019147999999999911e+03 3.814318096794019897e-02 5.934296947207515910e-02 -1.680520589012672644e+03
2.019187599999999975e+03 3.837525662633705509e-02 6.178718883004689216e-02 -1.658072601797573270e+03
2.019227200000000039e+03 3.856565457503401823e-02 6.416434153493437431e-02 -1.636059485889968755e+03
2.019266800000000103e+03 3.871807722712386490e-02 6.647834438307069493e-02 -1.614512370476121532e+03
2.019306399999999940e+03 3.883576062877042157e-02 6.873272827750398495e-02 -1.593447569886309111e+03
2.019346000000000004e+03 3.892154975616117507e-02 7.093068888305191499e-02 -1.572870987907808967e+03
2.019385600000000068e+03 3.897795922230767873e-02 7.307512911470485928e-02 -1.552781240165950294e+03
2.019425199999999904e+03 3.900722265966886232e-02 7.516869512289203747e-02 -1.533171882719948599e+03
2.019464799999999968e+03 3.901133321214220184e-02 7.721380687210953331e-02 -1.514033012293051343e+03
2.019504400000000032e+03 3.899207698675733608e-02 7.921268424124484897e-02 -1.495352420240472838e+03
2.019544000000000096e+03 3.895106088303861014e-02 8.116736941054482346e-02 -1.477116426764351672e+03
2.019583599999999933e+03 3.888973589640854628e-02 8.307974614672210267e-02 -1.459310484368272455e+03
2.019623199999999997e+03 3.880941675074153080e-02 8.495155649566417388e-02 -1.441919613604601864e+03
2.019662800000000061e+03 3.871129852932002346e-02 8.678441534631328724e-02 -1.424928715818174169e+03
2.019702399999999898e+03 3.859647084070142592e-02 8.857982309622096373e-02 -1.408322796498316848e+03
2.019741999999999962e+03 3.846592994502615742e-02 9.033917674810754139e-02 -1.392087122472348256e+03
2.019781600000000026e+03 3.832058919621907783e-02 9.206377952098093731e-02 -1.376207331641948485e+03
2.019821200000000090e+03 3.816128803958114546e-02 9.375484964907573882e-02 -1.360669503592121146e+03
2.019860799999999927e+03 3.798879982023069951e-02 9.541352804240374463e-02 -1.345460205019491696e+03
2.019900399999999991e+03 3.780383862079794710e-02 9.704088475125859092e-02 -1.330566518731239285e+03
2.019940000000000055e+03 3.760706519018291311e-02 9.863792523463829620e-02 -1.315976053313659349e+03
2.020049999999999955e+03 3.700345459887963151e-02 1.029227895057237274e-01 -1.276940748717285260e+03
2.020122413793103533e+03 3.656447608865932147e-02 1.056286489028537556e-01 -1.252357662055143010e+03
2.020194827586206884e+03 3.609578244526030766e-02 1.082487070378101157e-01 -1.228588229537746429e+03
2.020267241379310235e+03 3.559984514697377145e-02 1.107870998526787054e-01 -1.205577692391057781e+03
2.020339655172413813e+03 3.507886538749650090e-02 1.132475931391250523e-01 -1.183275886942684338e+03
2.020412068965517165e+03 3.453481250915178130e-02 1.156336276153829140e-01 -1.161636843430655972e+03
2.020484482758620743e+03 3.396945579536067572e-02 1.179483572868678387e-01 -1.140618402376005633e+03
2.020556896551724094e+03 3.338439106269484175e-02 1.201946818154045471e-01 -1.120181860449118631e+03
2.020629310344827672e+03 3.278106289897136927e-02 1.223752746388990925e-01 -1.100291641890961955e+03
2.020701724137931024e+03 3.216078337132117354e-02 1.244926073920302745e-01 -1.080914997996883358e+03
2.020774137931034375e+03 3.152474812150785760e-02 1.265489702944023742e-01 -1.062021742477189264e+03
2.020846551724137953e+03 3.087405002144464131e-02 1.285464902740361126e-01 -1.043584009523024406e+03
2.020918965517241304e+03 3.020969057336602565e-02 1.304871477140356617e-01 -1.025576027989831573e+03
2.020991379310344882e+03 2.953259048597630873e-02 1.323727888566050837e-01 -1.007973940094889713e+03
2.021063793103448234e+03 2.884359781158415265e-02 1.342051397614492381e-01 -9.907556104829259311e+02
2.021136206896551812e+03 2.814349608882589157e-02 1.359858155518190725e-01 -9.739004839662284212e+02
2.021208620689655163e+03 2.743301043447782944e-02 1.377163314084715040e-01 -9.573894315878812904e+02
2.021281034482758514e+03 2.671281389807042203e-02 1.393981096872979053e-01 -9.412046376707296531e+02
2.021353448275862092e+03 2.598353183238977931e-02 1.410324892645564987e-01 -9.253294696920928573e+02
2.021425862068965444e+03 2.524574739864589648e-02 1.426207300179883064e-01 -9.097483986729782828e+02
2.021498275862069022e+03 2.450000419064481127e-02 1.441640219273655210e-01 -8.944468780891762663e+02
2.021570689655172373e+03 2.374681118800168328e-02 1.456634874771687849e-01 -8.794112912527147046e+02
2.021643103448275951e+03 2.298664498458848418e-02 1.471201885819879984e-01 -8.646288571585732825e+02
2.021715517241379303e+03 2.221995234792872864e-02 1.485351314084942531e-01 -8.500875589384933164e+02
2.021787931034482654e+03 2.144715413870121323e-02 1.499092678056085093e-01 -8.357761095020449602e+02
2.021860344827586232e+03 2.066864620671390526e-02 1.512435015687208228e-01 -8.216838697544336583e+02
2.021932758620689583e+03 1.988480091217366755e-02 1.525386924613403306e-01 -8.078007902994442020e+02
2.022005172413793161e+03 1.909597111742646416e-02 1.537956556071185255e-01 -7.941174044500490936e+02
2.022077586206896513e+03 1.830249050265873867e-02 1.550151666529388517e-01 -7.806247617775849221e+02
2.022150000000000091e+03 1.750467405977284771e-02 1.561979657405352384e-01 -7.673143737528388328e+02
2.022400000000000091e+03 1.472104085398968573e-02 1.600088447061686348e-01 -7.226538825254503990e+02
2.022550943396226330e+03 1.302170568685952212e-02 1.621129699118933620e-01 -6.965702748799106985e+02
2.022701886792452797e+03 1.131096111347914060e-02 1.640752111644720179e-01 -6.710800218385013522e+02
2.022852830188679263e+03 9.590743289215683184e-03 1.659001976602031969e-01 -6.461318284636732869e+02
2.023003773584905730e+03 7.862825250829968277e-03 1.675921629413034408e-01 -6.216789786448987343e+02
2.023154716981131969e+03 6.128839624612928728e-03 1.691549855861251839e-01 -5.976787542453220112e+02
2.023305660377358436e+03 4.390295684363565605e-03 1.705922263888710044e-01 -5.740919073064648046e+02
2.023456603773584902e+03 2.648597056698478742e-03 1.719071576411448088e-01 -5.508822501534816638e+02
2.023607547169811369e+03 9.050538688283222850e-04 1.731027913018123310e-01 -5.280162588398101207e+02
2.023758490566037835e+03 -8.391042777149793986e-04 1.741819015265997916e-01 -5.054627623245916084e+02
2.023909433962264075e+03 -2.582718616084114186e-03 1.751470456345916027e-01 -4.831926496713249435e+02
2.024060377358490541e+03 -4.324691884626270105e-03 1.760005818950276524e-01 -4.611786243311198064e+02
2.024211320754717008e+03 -6.063980344197124860e-03 1.767446853725814782e-01 -4.393949841998544343e+02
2.024362264150943474e+03 -7.799586902799699427e-03 1.773813619752729054e-01 -4.178174240240731478e+02
2.024513207547169714e+03 -9.530554485971893044e-03 1.779124606646533824e-01 -3.964228652916220881e+02
2.024664150943396180e+03 -1.125596070212214923e-02 1.783396845042288514e-01 -3.751892957890570415e+02
2.024815094339622647e+03 -1.297491243267942518e-02 1.786646002456346027e-01 -3.540956318952960373e+02
2.024966037735849113e+03 -1.468654129846879916e-02 1.788886469593093942e-01 -3.331215884037999331e+02
2.025116981132075580e+03 -1.638999942204854426e-02 1.790131436404943654e-01 -3.122475601520054624e+02
2.025267924528301819e+03 -1.808445515050209965e-02 1.790392959369758175e-01 -2.914545170161003966e+02
2.025418867924528286e+03 -1.976908999727887417e-02 1.789682021413624147e-01 -2.707238946283397922e+02
2.025569811320754752e+03 -2.144309414265297906e-02 1.788008584771116349e-01 -2.500375115220405746e+02
2.025720754716981219e+03 -2.310566443182716229e-02 1.785381636718785248e-01 -2.293774625029379877e+02
2.025871698113207458e+03 -2.475599984636865647e-02 1.781809231542915706e-01 -2.087260485811897865e+02
2.026022641509433925e+03 -2.639329948580402402e-02 1.777298524657628109e-01 -1.880656797618230485e+02
2.026173584905660391e+03 -2.801675911699776089e-02 1.771855803609548585e-01 -1.673787980822370116e+02
2.026324528301886858e+03 -2.962556786915128762e-02 1.765486515690537772e-01 -1.466478002917152423e+02
2.026475471698113097e+03 -3.121890639034914997e-02 1.758195285473437008e-01 -1.258549416291192529e+02
2.026626415094339563e+03 -3.279594244644139234e-02 1.749985938169318356e-01 -1.049822711527915544e+02
2.026777358490566030e+03 -3.435582883312783553e-02 1.740861509958537001e-01 -8.401153464522273850e+01
2.026928301886792497e+03 -3.589770038421403325e-02 1.730824256653962223e-01 -6.292408476901197645e+01
2.027079245283018963e+03 -3.742066959630936662e-02 1.719875667814842191e-01 -4.170080485061475173e+01
2.027230188679245202e+03 -3.892382489596651202e-02 1.708016459166082079e-01 -2.032198945045540484e+01
2.027381132075471669e+03 -4.040622596107661113e-02 1.695246579452127089e-01 1.232743554986029499e+00
2.027532075471698136e+03 -4.186689976682111958e-02 1.681565209506726832e-01 2.298456058870925389e+01
2.027683018867924602e+03 -4.330483819863137351e-02 1.666970739586590977e-01 4.495555671682903665e+01
2.027833962264150841e+03 -4.471899182347331692e-02 1.651460775484557275e-01 6.716885846700931495e+01
2.027984905660377308e+03 -4.610826591324675150e-02 1.635032118339056761e-01 8.964877724952853555e+01
2.028135849056603774e+03 -4.747151663307060121e-02 1.617680729567260722e-01 1.124209892506450501e+02
2.028286792452830241e+03 -4.880754315010773364e-02 1.599401735386466183e-01 1.355126740205985527e+02
2.028437735849056708e+03 -5.011508344999075076e-02 1.580189375693075993e-01 1.589527431203071615e+02
2.028588679245282947e+03 -5.139280730633931371e-02 1.560036972557782009e-01 1.827720584158628014e+02
2.028739622641509413e+03 -5.263930732661259437e-02 1.538936915606802514e-01 2.070036547115249732e+02
2.028890566037735880e+03 -5.385309333748230370e-02 1.516880573513874064e-01 2.316830756432545400e+02
2.029041509433962347e+03 -5.503258043979052799e-02 1.493858285842978861e-01 2.568486482008107714e+02
2.029192452830188586e+03 -5.617607972262024518e-02 1.469859285824126616e-01 2.825418768431061949e+02
2.029343396226415052e+03 -5.728178726617625532e-02 1.444871613208285888e-01 3.088078929493011628e+02
2.029494339622641519e+03 -5.834776807462791620e-02 1.418882096219642175e-01 3.356958893898230940e+02
2.029645283018867985e+03 -5.937194448884743070e-02 1.391876178489973304e-01 3.632597878662650146e+02
2.029796226415094225e+03 -6.035207485607858163e-02 1.363837911014509630e-01 3.915588193652394011e+02
2.029947169811320691e+03 -6.128573579302036556e-02 1.334749779336555364e-01 4.206583795051820402e+02
2.030098113207547158e+03 -6.217029843837832553e-02 1.304592578769902256e-01 4.506309614278856657e+02
2.030249056603773624e+03 -6.300289933341857163e-02 1.273345335798488076e-01 4.815572027343433206e+02
2.030400000000000091e+03 -6.378041232299137830e-02 1.240985007173146248e-01 5.135273504471732622e+02
2.030650000000000091e+03 -6.493764331166911041e-02 1.184871280085528500e-01 5.690514704992367570e+02
2.030726206896551730e+03 -6.525581195612753516e-02 1.167125890067451238e-01 5.866825319977687059e+02
2.030802413793103369e+03 -6.555686289654415189e-02 1.149074376534323372e-01 6.046732135172650260e+02
2.030878620689655236e+03 -6.584020570403031902e-02 1.130712498371998498e-01 6.230423372020068200e+02
2.030954827586206875e+03 -6.610521644729089319e-02 1.112035829536517778e-01 6.418100427818500293e+02
2.031031034482758514e+03 -6.635123546214652390e-02 1.093039718285949147e-01 6.609979457373319747e+02
2.031107241379310381e+03 -6.657756434227504738e-02 1.073719270326646547e-01 6.806292866383578257e+02
2.031183448275862020e+03 -6.678346219392776451e-02 1.054069369502827896e-01 7.007290590921621742e+02
2.031259655172413886e+03 -6.696814240638367111e-02 1.034084624380893769e-01 7.213242323127138889e+02
2.031335862068965525e+03 -6.713076829982439486e-02 1.013759369949675387e-01 7.424439404656322949e+02
2.031412068965517165e+03 -6.727044844614241126e-02 9.930876646286668219e-02 7.641197022394419491e+02
2.031488275862069031e+03 -6.738623184556676027e-02 9.720632250068668434e-02 7.863857361543016395e+02
2.031564482758620670e+03 -6.747710174986613907e-02 9.506794619701755544e-02 8.092792053491184561e+02
2.031640689655172309e+03 -6.754196941409788824e-02 9.289294176733810249e-02 8.328406081345898428e+02
2.031716896551724176e+03 -6.757966664132653012e-02 9.068057517717288685e-02 8.571141662994085664e+02
2.031793103448275815e+03 -6.758893742747354438e-02 8.843007277261677457e-02 8.821482706380821810e+02
2.031869310344827682e+03 -6.756842849574763721e-02 8.614061536796430163e-02 9.079960458446954590e+02
2.031945517241379321e+03 -6.751667844572195598e-02 8.381133881628025084e-02 9.347159258770506085e+02
2.032021724137930960e+03 -6.743210529202763037e-02 8.144132655021599221e-02 9.623724183534635586e+02
2.032097931034482826e+03 -6.731299222263278925e-02 7.902960917816391484e-02 9.910369080953753382e+02
2.032174137931034466e+03 -6.715747098503807577e-02 7.657515769592629362e-02 1.020788678536140083e+03
2.032250344827586105e+03 -6.696350270386057513e-02 7.407688005383256113e-02 1.051716070570819284e+03
2.032326551724137971e+03 -6.672885551379231783e-02 7.153361658998544370e-02 1.083917869744334666e+03
2.032402758620689610e+03 -6.645107809569117396e-02 6.894413283616411536e-02 1.117504993006389896e+03
2.032478965517241477e+03 -6.612746874712996381e-02 6.630711515938342293e-02 1.152602471155922103e+03
2.032555172413793116e+03 -6.575503849566134706e-02 6.362116397350710273e-02 1.189351875678348279e+03
2.032631379310344755e+03 -6.533046690708455007e-02 6.088478601101723897e-02 1.227914281909831971e+03
2.032707586206896622e+03 -6.485004913485377387e-02 5.809638782884805203e-02 1.268473880742984193e+03
2.032783793103448261e+03 -6.430963153925244036e-02 5.525426787640268234e-02 1.311242463538457059e+03
2.032859999999999900e+03 -6.370453301804224200e-02 5.235660883954680600e-02 1.356465010036656849e+03
