2.010356112597776246e+03 -3.044422001340214151e-02 1.761885067216296119e-01 1.360035886926012267e+02
2.010409814071673964e+03 -3.101002133541881992e-02 1.759228688085515135e-01 1.285946894938617220e+02
2.010463515545571681e+03 -3.157377144458971968e-02 1.756455941898065476e-01 1.211759827287863658e+02
2.010517217019469399e+03 -3.213543249709830546e-02 1.753566981502808209e-01 1.137466525536214732e+02
2.010570918493367117e+03 -3.269496639429405466e-02 1.750561947157609766e-01 1.063058780083571406e+02
2.010624619967264834e+03 -3.325233476504378671e-02 1.747440966589704769e-01 9.885283251908275304e+01
2.010678321441162325e+03 -3.380749894788466492e-02 1.744204155048731941e-01 9.138668339311782063e+01
2.010732022915060043e+03 -3.436041997297054756e-02 1.740851615352382864e-01 8.390659130596635862e+01
2.010785724388957760e+03 -3.491105854375521622e-02 1.737383437924958640e-01 7.641170977977665757e+01
2.010839425862855478e+03 -3.545937501843519912e-02 1.733799700828578538e-01 6.890118465187265429e+01
2.010893127336753196e+03 -3.600532939109389596e-02 1.730100469787263229e-01 6.137415353298958820e+01
2.010946828810650914e+03 -3.654888127253687335e-02 1.726285798203841815e-01 5.382974525416209133e+01
2.011000530284548631e+03 -3.708998987079175497e-02 1.722355727169729567e-01 4.626707930139060210e+01
2.011054231758446349e+03 -3.762861397124681040e-02 1.718310285467488652e-01 3.868526523714635346e+01
2.011107933232344067e+03 -3.816471191640201377e-02 1.714149489566274831e-01 3.108340210775789103e+01
2.011161634706241784e+03 -3.869824158520602381e-02 1.709873343610048280e-01 2.346057783563766819e+01
2.011215336180139275e+03 -3.922916037194865840e-02 1.705481839398578503e-01 1.581586859533735456e+01
2.011269037654036993e+03 -3.975742516469361193e-02 1.700974956361073487e-01 8.148338172115586531e+00
2.011322739127934710e+03 -4.028299232318694606e-02 1.696352661522676220e-01 4.570373023586870587e-01
2.011376440601832428e+03 -4.080581765625682089e-02 1.691614909463330929e-01 -7.258997006035696309e+00
2.011430142075730146e+03 -4.132585639863674276e-02 1.686761642269301031e-01 -1.500074217406439736e+01
2.011483843549627863e+03 -4.184306318719330231e-02 1.681792789477051797e-01 -2.276919077436072669e+01
2.011537545023525581e+03 -4.235739203652047480e-02 1.676708268009478309e-01 -3.056535127762029092e+01
2.011591246497423299e+03 -4.286879631386367878e-02 1.671507982104317724e-01 -3.839024882414872053e+01
2.011644947971321017e+03 -4.337722871333660885e-02 1.666191823234651759e-01 -4.624492602206748160e+01
2.011698649445218734e+03 -4.388264122938893147e-02 1.660759670021327017e-01 -5.413044377371267757e+01
2.011752350919116452e+03 -4.438498512948440416e-02 1.655211388137155237e-01 -6.204788213189614510e+01
2.011806052393013942e+03 -4.488421092594371831e-02 1.649546830202782977e-01 -6.999834118766077040e+01
2.011859753866911660e+03 -4.538026834691723937e-02 1.643765835673822451e-01 -7.798294199150639372e+01
2.011913455340809378e+03 -4.587310630640909631e-02 1.637868230719517482e-01 -8.600282750937526544e+01
2.011967156814707096e+03 -4.636267287334458476e-02 1.631853828092196534e-01 -9.405916361597077469e+01
2.012020858288604813e+03 -4.684891523959488352e-02 1.625722426987648295e-01 -1.021531401268383235e+02
2.012074559762502531e+03 -4.733177968691743703e-02 1.619473812896113085e-01 -1.102859718714146311e+02
2.012128261236400249e+03 -4.781121155275065704e-02 1.613107757443601187e-01 -1.184588998091239063e+02
2.012181962710297967e+03 -4.828715519480138857e-02 1.606624018223333505e-01 -1.266731921906910543e+02
2.012235664184195684e+03 -4.875955395436092077e-02 1.600022338617021200e-01 -1.349301457669772333e+02
2.012289365658093402e+03 -4.922835011828156221e-02 1.593302447605714489e-01 -1.432310870477609512e+02
2.012343067131990892e+03 -4.969348487953963861e-02 1.586464059569956120e-01 -1.515773736130135774e+02
2.012396768605888610e+03 -5.015489829632107516e-02 1.579506874078754064e-01 -1.599703954796580092e+02
2.012450470079786328e+03 -5.061252924952186483e-02 1.572430575667511654e-01 -1.684115765262958462e+02
2.012504171553684046e+03 -5.106631539861616192e-02 1.565234833603974529e-01 -1.769023759798585615e+02
2.012557873027581763e+03 -5.151619313577680132e-02 1.557919301642285148e-01 -1.854442899672811507e+02
2.012611574501479481e+03 -5.196209753816203453e-02 1.550483617764592814e-01 -1.940388531362992239e+02
2.012665275975377199e+03 -5.240396231827067208e-02 1.542927403909836737e-01 -2.026876403497378476e+02
2.012718977449274917e+03 -5.284171977225676775e-02 1.535250265689293292e-01 -2.113922684580422526e+02
2.012772678923172634e+03 -5.327530072609244077e-02 1.527451792088393434e-01 -2.201543981553710978e+02
2.012826380397070352e+03 -5.370463447945970220e-02 1.519531555154346181e-01 -2.289757359250882587e+02
2.012880081870968070e+03 -5.412964874724203457e-02 1.511489109668992525e-01 -2.378580360810973957e+02
2.012933783344865560e+03 -5.455026959847825152e-02 1.503323992806371578e-01 -2.468031029120789128e+02
2.012987484818763278e+03 -5.496642139264412003e-02 1.495035723774144343e-01 -2.558127929366874298e+02
2.013041186292660996e+03 -5.537802671307805874e-02 1.486623803438673064e-01 -2.648890172777645375e+02
2.013094887766558713e+03 -5.578500629741930950e-02 1.478087713932373370e-01 -2.740337441657840145e+02
2.013148589240456431e+03 -5.618727896485201101e-02 1.469426918242940361e-01 -2.832490015813918944e+02
2.013202290714354149e+03 -5.658476153997319541e-02 1.460640859783429724e-01 -2.925368800486382952e+02
2.013255992188251867e+03 -5.697736877307457010e-02 1.451728961942172214e-01 -3.018995355912298919e+02
2.013309693662149584e+03 -5.736501325661368111e-02 1.442690627611464549e-01 -3.113391928650987097e+02
2.013363395136047302e+03 -5.774760533763396986e-02 1.433525238693891257e-01 -3.208581484813540214e+02
2.013417096609945020e+03 -5.812505302587275130e-02 1.424232155584964077e-01 -3.304587745342531093e+02
2.013470798083842510e+03 -5.849726189727637998e-02 1.414810716630794940e-01 -3.401435223489048099e+02
2.013524499557740228e+03 -5.886413499263116328e-02 1.405260237559119718e-01 -3.499149264634372116e+02
2.013578201031637946e+03 -5.922557271096250131e-02 1.395580010882778443e-01 -3.597756088586347687e+02
2.013631902505535663e+03 -5.958147269739083596e-02 1.385769305273311658e-01 -3.697282834482718954e+02
2.013685603979433381e+03 -5.993172972505159818e-02 1.375827364903735306e-01 -3.797757608404307348e+02
2.013739305453331099e+03 -6.027623557069764632e-02 1.365753408758732523e-01 -3.899209533796514506e+02
2.013793006927228816e+03 -6.061487888356907605e-02 1.355546629910842071e-01 -4.001668804789389924e+02
2.013846708401126534e+03 -6.094754504708746468e-02 1.345206194761189300e-01 -4.105166742513889062e+02
2.013900409875024252e+03 -6.127411603291047643e-02 1.334731242243453742e-01 -4.209735854537273667e+02
2.013954111348921970e+03 -6.159447024684455013e-02 1.324120882989655579e-01 -4.315409897586001762e+02
2.014007812822819687e+03 -6.190848236608200578e-02 1.313374198456430109e-01 -4.422223943788068823e+02
2.014061514296717178e+03 -6.221602316718217313e-02 1.302490240010323874e-01 -4.530214450744072110e+02
2.014115215770614896e+03 -6.251695934417554612e-02 1.291468027970147647e-01 -4.639419335823379811e+02
2.014168917244512613e+03 -6.281115331608468078e-02 1.280306550605151139e-01 -4.749878055154849221e+02
2.014222618718410331e+03 -6.309846302313190658e-02 1.269004763085815057e-01 -4.861631687874880754e+02
2.014276320192308049e+03 -6.337874171078376750e-02 1.257561586385270158e-01 -4.974723026250163684e+02
2.014330021666205766e+03 -6.365183770072382896e-02 1.245975906127991528e-01 -5.089196672369076850e+02
2.014383723140103484e+03 -6.391759414773895420e-02 1.234246571382207752e-01 -5.205099142161604959e+02
2.014437424614001202e+03 -6.417584878140443483e-02 1.222372393392024414e-01 -5.322478977582788957e+02
2.014491126087898920e+03 -6.442643363132975753e-02 1.210352144244581374e-01 -5.441386867875000917e+02
2.014544827561796637e+03 -6.466917473460002952e-02 1.198184555467127488e-01 -5.561875780900224981e+02
2.014598529035694355e+03 -6.490389182390403355e-02 1.185868316548266688e-01 -5.684001105586226004e+02
2.014652230509591845e+03 -6.513039799468052504e-02 1.173402073377138310e-01 -5.807820806532110964e+02
2.014705931983489563e+03 -6.534849934946385108e-02 1.160784426593621244e-01 -5.933395591749884943e+02
2.014759633457387281e+03 -6.555799461741591838e-02 1.148013929843508946e-01 -6.060789094353317523e+02
2.014813334931284999e+03 -6.575867474690558212e-02 1.135089087931011181e-01 -6.190068068821673251e+02
2.014867036405182716e+03 -6.595032246879577176e-02 1.122008354863242713e-01 -6.321302602279374696e+02
2.014920737879080434e+03 -6.613271182795169012e-02 1.108770131781034590e-01 -6.454566341226836812e+02
2.014974439352978152e+03 -6.630560768028691265e-02 1.095372764771437857e-01 -6.589936734396336533e+02
2.015028140826875870e+03 -6.646876515243607675e-02 1.081814542557710257e-01 -6.727495292943636969e+02
2.015081842300773587e+03 -6.662192906084372923e-02 1.068093694062285659e-01 -6.867327869947780528e+02
2.015135543774671305e+03 -6.676483328668346429e-02 1.054208385837330370e-01 -7.009524962027071524e+02
2.015189245248568795e+03 -6.689720010255129079e-02 1.040156719355854326e-01 -7.154182036632271320e+02
2.015242946722466513e+03 -6.701873944632934232e-02 1.025936728153891003e-01 -7.301399889176861961e+02
2.015296648196364231e+03 -6.712914813696804761e-02 1.011546374813209609e-01 -7.451285034618427972e+02
2.015350349670261949e+03 -6.722810902623445328e-02 9.969835477695140891e-02 -7.603950138566539181e+02
2.015404051144159666e+03 -6.731529007964125177e-02 9.822460579308969764e-02 -7.759514493463399276e+02
2.015457752618057384e+03 -6.739034337886594395e-02 9.673316350876384750e-02 -7.918104545918035910e+02
2.015511454091955102e+03 -6.745290403693095238e-02 9.522379240926949484e-02 -8.079854481642978499e+02
2.015565155565852820e+03 -6.750258901628571062e-02 9.369624807905140018e-02 -8.244906874403757229e+02
2.015618857039750537e+03 -6.753899583872224888e-02 9.215027676714557248e-02 -8.413413404777220421e+02
2.015672558513648255e+03 -6.756170117481348492e-02 9.058561492305480800e-02 -8.585535653572264891e+02
2.015726259987545973e+03 -6.757025929925694618e-02 8.900198870126926898e-02 -8.761445974309683606e+02
2.015779961461443463e+03 -6.756420039706570457e-02 8.739911343307375791e-02 -8.941328450304509943e+02
2.015833662935341181e+03 -6.754302870376127643e-02 8.577669306455003306e-02 -9.125379945293723267e+02
2.015887364409238899e+03 -6.750622046039725377e-02 8.413441955982652043e-02 -9.313811261695055919e+02
2.015941065883136616e+03 -6.745322166121217600e-02 8.247197226803701375e-02 -9.506848426135018144e+02
2.015994767357034334e+03 -6.738344556793594842e-02 8.078901725205203666e-02 -9.704734126526528826e+02
2.016048468830932052e+03 -6.729626996025549202e-02 7.908520657618514638e-02 -9.907729328666040374e+02
2.016102170304829770e+03 -6.719103408665695609e-02 7.736017754946586389e-02 -1.011611510380854043e+03
2.016155871778727487e+03 -6.706703527367768869e-02 7.561355192051316676e-02 -1.033019470274252853e+03
2.016209573252625205e+03 -6.692352514436179789e-02 7.384493501967176465e-02 -1.055029591618952509e+03
2.016263274726522923e+03 -6.675970538831282886e-02 7.205391484403531055e-02 -1.077677376444038373e+03
2.016316976200420413e+03 -6.657472301618506949e-02 7.024006108163083351e-02 -1.101001355996545726e+03
2.016370677674318131e+03 -6.636766502070587381e-02 6.840292407262221763e-02 -1.125043438739279509e+03
2.016424379148215849e+03 -6.613755235394003229e-02 6.654203370811093143e-02 -1.149849305196521300e+03
2.016478080622113566e+03 -6.588333311523179858e-02 6.465689826966455889e-02 -1.175468856677460735e+03
2.016531782096011284e+03 -6.560387482448302998e-02 6.274700321521572977e-02 -1.201956728017687510e+03
2.016585483569909002e+03 -6.529795562954109067e-02 6.081180991830308774e-02 -1.229372878029182857e+03
2.016639185043806719e+03 -6.496425426354619781e-02 5.885075436916505087e-02 -1.257783274697602792e+03
2.016692886517704437e+03 -6.460133852713664804e-02 5.686324584887754441e-02 -1.287260695499841177e+03
2.016746587991602155e+03 -6.420765201972000735e-02 5.484866559257988577e-02 -1.317885667164328652e+03
2.016800289465499873e+03 -6.378149878098605952e-02 5.280636546580044083e-02 -1.349747573937520428e+03
2.016853990939397590e+03 -6.332102542546451385e-02 5.073566669060113749e-02 -1.382945968460524227e+03
2.016907692413295081e+03 -6.282420025584667389e-02 4.863585867836862225e-02 -1.417592124790056232e+03
2.016961393887192799e+03 -6.228878871930500910e-02 4.650619805601081957e-02 -1.453810881418110966e+03
2.017015095361090516e+03 -6.171232441409000430e-02 4.434590801336603383e-02 -1.491742837443445978e+03
2.017068796834988234e+03 -6.109207464367715640e-02 4.215417815192602780e-02 -1.531546988761359444e+03
2.017122498308885952e+03 -6.042499923208361629e-02 3.993016508498335726e-02 -1.573403920731565904e+03
2.017176199782783669e+03 -5.970770093246451082e-02 3.767299413836038002e-02 -1.617519708149839744e+03
2.017229901256681387e+03 -5.893636524842440355e-02 3.538176264810408839e-02 -1.664130716315573864e+03
2.017283602730579105e+03 -5.810668679237011858e-02 3.305554557201737659e-02 -1.713509553510774595e+03
2.017337304204476823e+03 -5.721377835317500993e-02 3.069340446516175339e-02 -1.765972497916852717e+03
2.017391005678374540e+03 -5.625205752769748407e-02 2.829440137857112611e-02 -1.821888817981351394e+03
2.017444707152272031e+03 -5.521510391350593905e-02 2.585762002094136799e-02 -1.881692546361764244e+03
2.017498408626169748e+03 -5.409547717622947838e-02 2.338219772460278789e-02 -1.945897480084989638e+03
2.017552110100067466e+03 -5.288448234449318053e-02 2.086737364155172650e-02 -2.015116472521601281e+03
2.017605811573965184e+03 -5.157186275380812313e-02 1.831256163440456511e-02 -2.090086460457569956e+03
2.017659513047862902e+03 -5.014539202881519026e-02 1.571746136403933194e-02 -2.171701148538703364e+03
2.017713214521760619e+03 -4.859032244711343485e-02 1.308222963868175756e-02 -2.261053839105934458e+03
2.017766915995658337e+03 -4.688862466857331851e-02 1.040774906766268881e-02 -2.359493414256368396e+03
2.017820617469556055e+03 -4.501791727164872886e-02 7.696058109355779185e-03 -2.468696519615983561e+03
2.017874318943453773e+03 -4.294992302794115036e-02 4.951057249873757130e-03 -2.590757168547104357e+03
2.017928020417351490e+03 -4.064818223057536928e-02 2.179705022452434540e-03 -2.728286809540223658e+03
2.017981721891249208e+03 -3.806456361507012248e-02 -6.058793461534718030e-04 -2.884489595236749665e+03
2.018035423365146698e+03 -3.513376878952674531e-02 -3.384549777325147543e-03 -3.063085188244971505e+03
2.018089124839044416e+03 -3.176440174772426212e-02 -6.118633574774579552e-03 -3.267645879891539153e+03
2.018142826312942134e+03 -2.782413182190748499e-02 -8.738443643032131267e-03 -3.498855411064973396e+03
2.018196527786839852e+03 -2.311545126039524570e-02 -1.110803540561653389e-02 -3.744296110974421481e+03
2.018250229260737569e+03 -1.734309149156915836e-02 -1.294519415128381201e-02 -3.940671649057475406e+03
2.018303930734635287e+03 -1.012453945327354034e-02 -1.364282377048601363e-02 -3.845357752250305566e+03
2.018357632208533005e+03 -1.361362631946524482e-03 -1.207526345677209338e-02 -2.846854896254520554e+03
2.018411333682430723e+03 7.664466904326059336e-03 -7.445876513732976876e-03 -8.917871019371805232e+02
2.018465035156328440e+03 1.501399984817076809e-02 -9.778555989161494440e-04 6.258867005726475554e+02
2.018518736630226158e+03 2.039053570187666919e-02 5.728203667005403454e-03 1.363994452938016366e+03
2.018572438104123648e+03 2.434124355434468326e-02 1.207449271432357342e-02 1.687601148397464613e+03
2.018626139578021366e+03 2.733496295806397969e-02 1.796234744141805492e-02 1.825925131583137727e+03
2.018679841051919084e+03 2.966813918141197534e-02 2.342364473635928646e-02 1.878814594328715884e+03
2.018733542525816802e+03 3.152521443890334008e-02 2.851297100033617013e-02 1.889932261449064072e+03
2.018787243999714519e+03 3.302526201515472437e-02 3.328165033200504441e-02 1.879654823991618059e+03
2.018840945473612237e+03 3.424857432560458187e-02 3.777286276622635053e-02 1.858142403230763875e+03
2.018894646947509955e+03 3.525149238061603407e-02 4.202194344306232898e-02 1.830748821163093226e+03
2.018948348421407673e+03 3.607493050433664694e-02 4.605773066778232061e-02 1.800418760207202922e+03
2.019002049895305390e+03 3.674947913467176142e-02 4.990390512870690465e-02 1.768822767974980252e+03
2.019055751369203108e+03 3.729858358701149124e-02 5.358009202324882231e-02 1.736927090630890007e+03
2.019109452843100826e+03 3.774059761584521583e-02 5.710271907250071693e-02 1.705294480809285460e+03
2.019163154316998316e+03 3.809015366073777858e-02 6.048567375871343604e-02 1.674249874806959951e+03
2.019216855790896034e+03 3.835910356456619791e-02 6.374080621263057689e-02 1.643974954954380792e+03
2.019270557264793752e+03 3.855718081680457182e-02 6.687831606216172731e-02 1.614563764761053790e+03
2.019324258738691469e+03 3.869247723717754439e-02 6.990705249645673414e-02 1.586056258495975953e+03
2.019377960212589187e+03 3.877179296264825215e-02 7.283474926176972120e-02 1.558458974125605209e+03
2.019431661686486905e+03 3.880089801106720304e-02 7.566821054801073365e-02 1.531757991430258471e+03
2.019485363160384622e+03 3.878473089458823325e-02 7.841345948020614354e-02 1.505927157840244035e+03
2.019539064634282340e+03 3.872755159831684640e-02 8.107585784374461702e-02 1.480933348871150883e+03
2.019592766108180058e+03 3.863306092555088278e-02 8.366020344317787183e-02 1.456739837914422651e+03
2.019646467582077776e+03 3.850449468579079243e-02 8.617080989847560046e-02 1.433308449591464523e+03
2.019700169055975493e+03 3.834469882058626905e-02 8.861157254076136580e-02 1.410600928428435054e+03
2.019753870529872984e+03 3.815618991776526664e-02 9.098602323192919727e-02 1.388579799115237165e+03
2.019807572003770701e+03 3.794120440378521975e-02 9.329737629837900337e-02 1.367208894256463964e+03
2.019861273477668419e+03 3.770173887220606979e-02 9.554856728280730627e-02 1.346453662368371170e+03
2.019914974951566137e+03 3.743958340372689070e-02 9.774228584527273889e-02 1.326281328803115230e+03
2.019968676425463855e+03 3.715634929193729202e-02 9.988100385655655777e-02 1.306660956488951342e+03
2.020022377899361572e+03 3.685349226296661534e-02 1.019669995053820583e-01 1.287563438015961992e+03
2.020076079373259290e+03 3.653233203595215167e-02 1.040023780745000376e-01 1.268961442709405674e+03
2.020129780847157008e+03 3.619406889206407824e-02 1.059890899188889873e-01 1.250829337557827330e+03
2.020183482321054726e+03 3.583979778444643105e-02 1.079289460881280027e-01 1.233143095901998549e+03
2.020237183794952443e+03 3.547052041631569563e-02 1.098236319614549622e-01 1.215880202587920166e+03
2.020290885268849934e+03 3.508715563127504100e-02 1.116747192015066920e-01 1.199019560239959219e+03
2.020344586742747651e+03 3.469054839379182714e-02 1.134836762796930798e-01 1.182541398856263640e+03
2.020398288216645369e+03 3.428147758534266093e-02 1.152518777816558398e-01 1.166427189486831594e+03
2.020451989690543087e+03 3.386066279988006467e-02 1.169806126645898670e-01 1.150659561781096045e+03
2.020505691164440805e+03 3.342877028891771962e-02 1.186710916071340161e-01 1.135222224704923747e+03
2.020559392638338522e+03 3.298641817990227015e-02 1.203244535677187449e-01 1.120099889940563799e+03
2.020613094112236240e+03 3.253418107063888592e-02 1.219417716482693037e-01 1.105278198247115824e+03
2.020666795586133958e+03 3.207259408619543561e-02 1.235240583467595715e-01 1.090743649752670990e+03
2.020720497060031676e+03 3.160215647168210240e-02 1.250722702724083313e-01 1.076483539252008313e+03
2.020774198533929393e+03 3.112333478349405685e-02 1.265873123892528318e-01 1.062485897131588217e+03
2.020827900007827111e+03 3.063656573235632244e-02 1.280700418461302725e-01 1.048739435946732783e+03
2.020881601481724601e+03 3.014225872353764810e-02 1.295212714435940993e-01 1.035233502258830185e+03
2.020935302955622319e+03 2.964079813279110395e-02 1.309417727813434740e-01 1.021958033153832503e+03
2.020989004429520037e+03 2.913254535087969610e-02 1.323322791233659257e-01 1.008903516802607896e+03
2.021042705903417755e+03 2.861784062464378317e-02 1.336934880126922909e-01 9.960609563893680161e+02
2.021096407377315472e+03 2.809700471856005702e-02 1.350260636625618960e-01 9.834218367263799792e+02
2.021150108851213190e+03 2.757034041727366921e-02 1.363306391466675149e-01 9.709780929400807281e+02
2.021203810325110908e+03 2.703813388675889440e-02 1.376078184076027222e-01 9.587220808006173911e+02
2.021257511799008626e+03 2.650065590945224411e-02 1.388581781000288173e-01 9.466465485333561674e+02
2.021311213272906343e+03 2.595816300683963587e-02 1.400822692833584016e-01 9.347446101909259824e+02
2.021364914746804061e+03 2.541089846144687150e-02 1.412806189776475985e-01 9.230097207809440079e+02
2.021418616220701551e+03 2.485909324887313615e-02 1.424537315955597128e-01 9.114356533185706439e+02
2.021472317694599269e+03 2.430296688930436155e-02 1.436020902624577933e-01 9.000164778602824072e+02
2.021526019168496987e+03 2.374272822691691348e-02 1.447261580355916066e-01 8.887465424544225243e+02
2.021579720642394705e+03 2.317857614451132933e-02 1.458263790324480502e-01 8.776204558585342284e+02
2.021633422116292422e+03 2.261070021991903184e-02 1.469031794770495336e-01 8.666330718376814275e+02
2.021687123590190140e+03 2.203928132989938296e-02 1.479569686720551558e-01 8.557794748496764896e+02
2.021740825064087858e+03 2.146449220658166318e-02 1.489881399035254128e-01 8.450549669276075520e+02
2.021794526537985575e+03 2.088649795091403888e-02 1.499970712843463616e-01 8.344550555751187630e+02
2.021848228011883293e+03 2.030545650706984048e-02 1.509841265415262090e-01 8.239754424962411576e+02
2.021901929485781011e+03 1.972151910130555408e-02 1.519496557518496549e-01 8.136120129961915382e+02
2.021955630959678729e+03 1.913483064839158199e-02 1.528939960297797107e-01 8.033608259192924379e+02
2.022009332433576219e+03 1.854553012839747425e-02 1.538174721709707482e-01 7.932181040348071974e+02
2.022063033907473937e+03 1.795375093633267555e-02 1.547203972544381190e-01 7.831802248327513780e+02
2.022116735381371655e+03 1.735962120695339755e-02 1.556030732061097488e-01 7.732437117374664695e+02
2.022170436855269372e+03 1.676326411675997663e-02 1.564657913264759781e-01 7.634052257725109030e+02
2.022224138329167090e+03 1.616479816512288517e-02 1.573088327848375656e-01 7.536615577175466569e+02
2.022277839803064808e+03 1.556433743625288725e-02 1.581324690826478030e-01 7.440096207849142047e+02
2.022331541276962525e+03 1.496199184360104406e-02 1.589369624883075482e-01 7.344464438230937731e+02
2.022385242750860243e+03 1.435786735812271536e-02 1.597225664456537464e-01 7.249691650328820742e+02
2.022438944224757961e+03 1.375206622170994757e-02 1.604895259582062306e-01 7.155750261661003151e+02
2.022492645698655679e+03 1.314468714697257685e-02 1.612380779510717288e-01 7.062613671673664157e+02
2.022546347172553169e+03 1.253582550443506707e-02 1.619684516122244233e-01 6.970256212160958285e+02
2.022600048646450887e+03 1.192557349810587607e-02 1.626808687147329457e-01 6.878653101262406153e+02
2.022653750120348604e+03 1.131402033032909323e-02 1.633755439212871974e-01 6.787780400642494669e+02
2.022707451594246322e+03 1.070125235666950086e-02 1.640526850723414143e-01 6.697614975473163668e+02
2.022761153068144040e+03 1.008735323159147025e-02 1.647124934589568601e-01 6.608134456879406571e+02
2.022814854542041758e+03 9.472404045579804061e-03 1.653551640813693269e-01 6.519317206527201733e+02
2.022868556015939475e+03 8.856483454309827669e-03 1.659808858941836662e-01 6.431142283065455558e+02
2.022922257489837193e+03 8.239667800421833846e-03 1.665898420390066748e-01 6.343589410170220617e+02
2.022975958963734911e+03 7.622031228407931923e-03 1.671822100652417542e-01 6.256638945984963129e+02
2.023029660437632629e+03 7.003645793083271114e-03 1.677581621397067346e-01 6.170271853803806152e+02
2.023083361911530346e+03 6.384581562072683819e-03 1.683178652456798208e-01 6.084469673898656765e+02
2.023137063385427837e+03 5.764906712720640515e-03 1.688614813719324093e-01 5.999214496442345990e+02
2.023190764859325554e+03 5.144687623778414556e-03 1.693891676922903433e-01 5.914488935515762478e+02
2.023244466333223272e+03 4.523988962256538827e-03 1.699010767362075791e-01 5.830276104219782383e+02
2.023298167807120990e+03 3.902873765710693481e-03 1.703973565508736243e-01 5.746559590908744894e+02
2.023351869281018708e+03 3.281403520300022695e-03 1.708781508553083861e-01 5.663323436570307194e+02
2.023405570754916425e+03 2.659638234878442843e-03 1.713435991869057540e-01 5.580552113355463462e+02
2.023459272228814143e+03 2.037636511380824626e-03 1.717938370408645943e-01 5.498230504246687360e+02
2.023512973702711861e+03 1.415455611741519345e-03 1.722289960029273759e-01 5.416343883833280870e+02
2.023566675176609579e+03 7.931515215656961999e-04 1.726492038758166425e-01 5.334877900146802858e+02
2.023620376650507296e+03 1.707790107606644940e-04 1.730545847997462527e-01 5.253818557498483415e+02
2.023674078124404787e+03 -4.516083086816159026e-04 1.734452593673449783e-01 5.173152200253267665e+02
2.023727779598302504e+03 -1.073957927589851667e-03 1.738213447333310235e-01 5.092865497470127139e+02
2.023781481072200222e+03 -1.696218387002478012e-03 1.741829547192059735e-01 5.012945428346135373e+02
2.023835182546097940e+03 -2.318339227941077461e-03 1.745301999132795878e-01 4.933379268392093877e+02
2.023888884019995658e+03 -2.940270943386557277e-03 1.748631877662540079e-01 4.854154576284235532e+02
2.023942585493893375e+03 -3.561964932341751475e-03 1.751820226826157068e-01 4.775259181333453284e+02
2.023996286967791093e+03 -4.183373455851495219e-03 1.754868061080493424e-01 4.696681171521771603e+02
2.024049988441688811e+03 -4.804449594870301155e-03 1.757776366130762991e-01 4.618408882058940890e+02
2.024103689915586529e+03 -5.425147209860715566e-03 1.760546099731067071e-01 4.540430884418454411e+02
2.024157391389484246e+03 -6.045420902029551014e-03 1.763178192450784998e-01 4.462735975814432550e+02
2.024211092863381964e+03 -6.665225976099858375e-03 1.765673548408450422e-01 4.385313169086443281e+02
2.024264794337279454e+03 -7.284518404530726868e-03 1.768033045974650164e-01 4.308151682961980100e+02
2.024318495811177172e+03 -7.903254793112319057e-03 1.770257538445371703e-01 4.231240932668256960e+02
2.024372197285074890e+03 -8.521392347822434946e-03 1.772347854687020829e-01 4.154570520873623991e+02
2.024425898758972608e+03 -9.138888842917119310e-03 1.774304799754534145e-01 4.078130228931581769e+02
2.024479600232870325e+03 -9.755702590147531314e-03 1.776129155483600619e-01 4.001910008413129844e+02
2.024533301706768043e+03 -1.037179240905275641e-02 1.777821681058168179e-01 3.925899972908904942e+02
2.024587003180665761e+03 -1.098711759826123853e-02 1.779383113554255935e-01 3.850090390086729712e+02
2.024640704654563478e+03 -1.160163790774261516e-02 1.780814168461078151e-01 3.774471673991304215e+02
2.024694406128461196e+03 -1.221531351195087774e-02 1.782115540180380098e-01 3.699034377574344035e+02
2.024748107602358914e+03 -1.282810498380788922e-02 1.783287902504912259e-01 3.623769185443933338e+02
2.024801809076256404e+03 -1.343997326947402732e-02 1.784331909076852241e-01 3.548666906823230534e+02
2.024855510550154122e+03 -1.405087966386910428e-02 1.785248193827025098e-01 3.473718468707456282e+02
2.024909212024051840e+03 -1.466078578686541047e-02 1.786037371395602924e-01 3.398914909213783062e+02
2.024962913497949557e+03 -1.526965356015477782e-02 1.786700037535106922e-01 3.324247371109545384e+02
2.025016614971847275e+03 -1.587744518471325555e-02 1.787236769496341193e-01 3.249707095513982722e+02
2.025070316445744993e+03 -1.648412311883959772e-02 1.787648126397932691e-01 3.175285415762691628e+02
2.025124017919642711e+03 -1.708965005672398105e-02 1.787934649580090740e-01 3.100973751426501508e+02
2.025177719393540428e+03 -1.769398890751445325e-02 1.788096862943230614e-01 3.026763602475543280e+02
2.025231420867438146e+03 -1.829710277484604061e-02 1.788135273271923842e-01 2.952646543579393779e+02
2.025285122341335864e+03 -1.889895493679794383e-02 1.788050370544830847e-01 2.878614218534930842e+02
2.025338823815233582e+03 -1.949950882624834278e-02 1.787842628231026132e-01 2.804658334812544354e+02
2.025392525289131072e+03 -2.009872801159495043e-02 1.787512503573225608e-01 2.730770658212329636e+02
2.025446226763028790e+03 -2.069657617782624456e-02 1.787060437858399853e-01 2.656943007619800596e+02
2.025499928236926507e+03 -2.129301710787647947e-02 1.786486856676150481e-01 2.583167249857272623e+02
2.025553629710824225e+03 -2.188801466428969000e-02 1.785792170165278192e-01 2.509435294616168619e+02
2.025607331184721943e+03 -2.248153277112818066e-02 1.784976773248923010e-01 2.435739089466638063e+02
2.025661032658619661e+03 -2.307353539611299575e-02 1.784041045858633379e-01 2.362070614934956438e+02
2.025714734132517378e+03 -2.366398653297341684e-02 1.782985353147694130e-01 2.288421879640454506e+02
2.025768435606415096e+03 -2.425285018397559805e-02 1.781810045694043332e-01 2.214784915485098509e+02
2.025822137080312814e+03 -2.484009034261335652e-02 1.780515459693055580e-01 2.141151772887351399e+02
2.025875838554210532e+03 -2.542567097643306379e-02 1.779101917140499256e-01 2.067514516053590796e+02
2.025929540028108022e+03 -2.600955600996928546e-02 1.777569726005906459e-01 1.993865218279837563e+02
2.025983241502005740e+03 -2.659170930778517045e-02 1.775919180396603458e-01 1.920195957274857790e+02
2.026036942975903457e+03 -2.717209465755755782e-02 1.774150560712661473e-01 1.846498810502264405e+02
2.026090644449801175e+03 -2.775067575323379027e-02 1.772264133792942897e-01 1.772765850528765554e+02
2.026144345923698893e+03 -2.832741617820475066e-02 1.770260153052445051e-01 1.698989140375874172e+02
2.026198047397596611e+03 -2.890227938848575345e-02 1.768138858611173203e-01 1.625160728866873967e+02
2.026251748871494328e+03 -2.947522869588185476e-02 1.765900477414653613e-01 1.551272645962460217e+02
2.026305450345392046e+03 -3.004622725111836395e-02 1.763545223346293933e-01 1.477316898078173324e+02
2.026359151819289764e+03 -3.061523802691406768e-02 1.761073297331713361e-01 1.403285463377024769e+02
2.026412853293187482e+03 -3.118222380097795260e-02 1.758484887435167454e-01 1.329170287030384543e+02
