2.010356112597776246e+03 -3.044422001340214151e-02 1.761885067216296119e-01 1.360035886926012267e+02
2.016819999959768893e+03 -6.361645695209455775e-02 5.204937198639411622e-02 -1.361777027324226310e+03
2.016890731237302134e+03 -6.298505037880645918e-02 4.930194465556243105e-02 -1.406491253948579697e+03
2.016961462514835148e+03 -6.228794505924391267e-02 4.650313859590377019e-02 -1.453864185146527234e+03
2.017032193792368162e+03 -6.151958639150498925e-02 4.365119077754892052e-02 -1.504211535008959800e+03
2.017102925069901175e+03 -6.067361581877491611e-02 4.074423744732392355e-02 -1.557904565641414592e+03
2.017173656347434189e+03 -5.974270167786009667e-02 3.778031730944431815e-02 -1.615383328390629003e+03
2.017244387624967203e+03 -5.871832219964641386e-02 3.475738126359947944e-02 -1.677173902271233601e+03
2.017315118902500217e+03 -5.759048335985506722e-02 3.167331297941634871e-02 -1.743911086736549350e+03
2.017385850180033231e+03 -5.634734644015871458e-02 2.852596730385081186e-02 -1.816368726603002187e+03
2.017456581457566244e+03 -5.497472788820910450e-02 2.531323811388310613e-02 -1.895500856445948330e+03
2.017527312735099486e+03 -5.345541459134162815e-02 2.203317544007566200e-02 -1.982498255233786267e+03
2.017598044012632499e+03 -5.176820593972761980e-02 1.868418670557719929e-02 -2.078867159974900915e+03
2.017668775290165513e+03 -4.988654025990173213e-02 1.526538510884339027e-02 -2.186540273019104461e+03
2.017739506567698527e+03 -4.777646847227778187e-02 1.177720330122155115e-02 -2.308034823224036700e+03
2.017810237845231541e+03 -4.539356483550847920e-02 8.222504074199440266e-03 -2.446677080381842643e+03
2.017880969122764554e+03 -4.267803468960704866e-02 4.608667383117390562e-03 -2.606911517499393995e+03
2.017951700400297568e+03 -3.954661737014660006e-02 9.517099761024747995e-04 -2.794678137232482186e+03
2.018022431677830582e+03 -3.587848939472420423e-02 -2.715048925531755256e-03 -3.017648300670200570e+03
2.018093162955363823e+03 -3.148934238556579113e-02 -6.321214007577107691e-03 -3.284175326625870184e+03
2.018163894232896837e+03 -2.608148878614392763e-02 -9.709351588911003042e-03 -3.595136222585787891e+03
2.018234625510429851e+03 -1.915086503149329711e-02 -1.249333664019423862e-02 -3.897196571425952243e+03
2.018305356787962864e+03 -9.908934422291513708e-03 -1.363642100068369889e-02 -3.833841399958663715e+03
2.018376088065495878e+03 1.828917444244375226e-03 -1.081113224697589394e-02 -2.221361205124664593e+03
2.018446819343028892e+03 1.276238286308738548e-02 -3.255322015604130131e-03 2.132351806112525594e+02
2.018517550620561906e+03 2.029004158288673712e-02 5.584199686492887470e-03 1.353446441022495264e+03
2.018588281898094920e+03 2.530844335549188931e-02 1.385983028072259454e-02 1.741588505135097648e+03
2.018659013175627933e+03 2.882842512611990399e-02 2.135358935469370070e-02 1.864934518072321680e+03
2.018729744453161175e+03 3.140701991652354585e-02 2.816492839145058602e-02 1.890011151070316828e+03
2.018800475730694188e+03 3.335009245611859213e-02 3.441327713889633794e-02 1.875130431682858443e+03
2.018871207008227202e+03 3.483810255481067930e-02 4.019576662040887094e-02 1.843196877227480627e+03
2.018941938285760216e+03 3.598512398172053900e-02 4.558702859843107025e-02 1.804124812854672882e+03
2.019012669563293230e+03 3.686747951710016985e-02 5.064441380769213463e-02 1.762511102703033657e+03
2.019083400840826243e+03 3.753862529525580499e-02 5.541262112955471636e-02 1.720577133246271160e+03
2.019154132118359257e+03 3.803741699029607182e-02 5.992709101478677081e-02 1.679409993560278281e+03
2.019224863395892271e+03 3.839297141933707691e-02 6.421639940562577642e-02 1.639527941528954898e+03
2.019295594673425285e+03 3.862766801390205007e-02 6.830394623277669108e-02 1.601154234261040074e+03
2.019366325950958526e+03 3.875907966950219857e-02 7.220916089044490671e-02 1.564356317682737426e+03
2.019437057228491540e+03 3.880125928619618941e-02 7.594837697040676683e-02 1.529119306661184964e+03
2.019507788506024553e+03 3.876562326498571992e-02 7.953547784038858537e-02 1.495385846634324707e+03
2.019578519783557567e+03 3.866157422917661929e-02 8.298238084316211793e-02 1.463078120316773493e+03
2.019649251061090581e+03 3.849695005394414976e-02 8.629940602413951889e-02 1.432110121634501184e+03
2.019719982338623595e+03 3.827835426178677336e-02 8.949556102053383977e-02 1.402394500121775536e+03
2.019790713616156609e+03 3.801140352312027543e-02 9.257876413280470562e-02 1.373846293019961195e+03
2.019861444893689622e+03 3.770091601165388023e-02 9.555602106315295996e-02 1.346384841588092058e+03
2.019932176171222636e+03 3.735105678202109425e-02 9.843356643327264011e-02 1.319934662061183417e+03
2.020002907448755877e+03 3.696545143190314159e-02 1.012169782545250529e-01 1.294425733366991835e+03
2.020073638726288891e+03 3.654727602958852267e-02 1.039112714340783145e-01 1.269793460173265430e+03
2.020144370003821905e+03 3.609932903119972281e-02 1.065209748402866918e-01 1.245978448231127686e+03
2.020215101281354919e+03 3.562408934640428487e-02 1.090501953010567932e-01 1.222926173238600768e+03
2.020285832558887932e+03 3.512376362744030339e-02 1.115026711059979025e-01 1.200586604034682296e+03
2.020356563836420946e+03 3.460032509684329155e-02 1.138818170307305255e-01 1.178913824272119200e+03
2.020427295113953960e+03 3.405554567767741375e-02 1.161907624880909040e-01 1.157865674682029749e+03
2.020498026391486974e+03 3.349102277577169218e-02 1.184323840697537322e-01 1.137403419793592775e+03
2.020568757669019988e+03 3.290820175045190699e-02 1.206093334598436623e-01 1.117491435509546591e+03
2.020639488946553229e+03 3.230839487764833318e-02 1.227240614867710494e-01 1.098096916193952893e+03
2.020710220224086243e+03 3.169279743914926728e-02 1.247788389304669426e-01 1.079189604953560774e+03
2.020780951501619256e+03 3.106250144551213344e-02 1.267757746002673713e-01 1.060741551646060998e+03
2.020851682779152270e+03 3.041850740181616455e-02 1.287168311176332958e-01 1.042726899366443149e+03
2.020922414056685284e+03 2.976173444578836258e-02 1.306038387629453179e-01 1.025121695785163411e+03
2.020993145334218298e+03 2.909302912317937237e-02 1.324385076761051827e-01 1.007903723715182082e+03
2.021063876611751311e+03 2.841317301406510315e-02 1.342224386420398374e-01 9.910523462296056323e+02
2.021134607889284325e+03 2.772288938448034396e-02 1.359571326489853738e-01 9.745483643712888124e+02
2.021205339166817566e+03 2.702284900806100482e-02 1.376439993792262229e-01 9.583738878266246957e+02
2.021276070444350580e+03 2.631367527914966684e-02 1.392843647730417911e-01 9.425122193958191019e+02
2.021346801721883594e+03 2.559594871958554771e-02 1.408794777902992457e-01 9.269477530143791455e+02
2.021417532999416608e+03 2.487021096485407187e-02 1.424305164770565402e-01 9.116658837205779946e+02
2.021488264276949621e+03 2.413696830107345259e-02 1.439385934269243883e-01 8.966529271923337774e+02
2.021558995554482635e+03 2.339669481244586319e-02 1.454047607105460049e-01 8.818960465296490838e+02
2.021629726832015649e+03 2.264983518923193231e-02 1.468300143332101626e-01 8.673831846867634567e+02
2.021700458109548663e+03 2.189680723879666377e-02 1.482152982712502676e-01 8.531030019411056173e+02
2.021771189387081677e+03 2.113800413636840458e-02 1.495615081320862128e-01 8.390448185020798064e+02
2.021841920664614918e+03 2.037379644732277562e-02 1.508694944790092696e-01 8.251985625286932873e+02
2.021912651942147932e+03 1.960453394864667895e-02 1.521400658584577126e-01 8.115547235513539590e+02
2.021983383219680945e+03 1.883054727351115426e-02 1.533739915637037932e-01 7.981043108858215192e+02
2.022054114497213959e+03 1.805214939957519929e-02 1.545720041645308740e-01 7.848388163242776727e+02
2.022124845774746973e+03 1.726963699875598210e-02 1.557348018280120261e-01 7.717501802778277806e+02
2.022195577052279987e+03 1.648329166373988658e-02 1.568630504513822133e-01 7.588307606201603903e+02
2.022266308329813000e+03 1.569338102448323766e-02 1.579573856246240249e-01 7.460733036930392927e+02
2.022337039607346014e+03 1.490015976628107641e-02 1.590184144379118980e-01 7.334709171973264574e+02
2.022407770884879028e+03 1.410387055962552920e-02 1.600467171474683203e-01 7.210170449125828327e+02
2.022478502162412269e+03 1.330474491092509433e-02 1.610428487123736208e-01 7.087054432979251715e+02
2.022549233439945283e+03 1.250300394215446767e-02 1.620073402141178065e-01 6.965301600212272888e+02
2.022619964717478297e+03 1.169885910661143391e-02 1.629407001699099966e-01 6.844855143871408245e+02
2.022690695995011311e+03 1.089251284713354737e-02 1.638434157498427357e-01 6.725660795422155616e+02
2.022761427272544324e+03 1.008415920239911709e-02 1.647159539069762424e-01 6.607666662662417139e+02
2.022832158550077338e+03 9.273984366281120759e-03 1.655587624283202941e-01 6.490823081261243033e+02
2.022902889827610352e+03 8.462167204655831818e-03 1.663722709136398192e-01 6.375082477706694135e+02
2.022973621105143366e+03 7.648879733574412074e-03 1.671568916880730726e-01 6.260399241732243354e+02
2.023044352382676379e+03 6.834287562288149723e-03 1.679130206537655934e-01 6.146729606741843099e+02
2.023115083660209621e+03 6.018550304254337985e-03 1.686410380851043889e-01 6.034031537257252467e+02
2.023185814937742634e+03 5.201821958941806739e-03 1.693413093716820972e-01 5.922264622861057433e+02
2.023256546215275648e+03 4.384251266982498209e-03 1.700141857127965284e-01 5.811389978422477043e+02
2.023327277492808662e+03 3.565982040973607412e-03 1.706600047670347453e-01 5.701370150539820543e+02
2.023398008770341676e+03 2.747153474016546509e-03 1.712790912602964455e-01 5.592169030133831029e+02
2.023468740047874689e+03 1.927900427880065550e-03 1.718717575553936894e-01 5.483751771033610112e+02
2.023539471325407703e+03 1.108353702500307130e-03 1.724383041861667909e-01 5.376084714273330292e+02
2.023610202602940717e+03 2.886402883613519961e-04 1.729790203588136288e-01 5.269135317707589365e+02
2.023680933880473731e+03 -5.311163968428561991e-04 1.734941844229073438e-01 5.162872090482489966e+02
2.023751665158006972e+03 -1.350796285995159440e-03 1.739840643143419352e-01 5.057264531872563680e+02
2.023822396435539986e+03 -2.170282453636447357e-03 1.744489179722222283e-01 4.952283074004635068e+02
2.023893127713073000e+03 -2.989460919291284362e-03 1.748889937315158682e-01 4.847899028027482586e+02
2.023963858990606013e+03 -3.808220462080205877e-03 1.753045306931023395e-01 4.744084533340411554e+02
2.024034590268139027e+03 -4.626452445738956677e-03 1.756957590726939133e-01 4.640812509555004226e+02
2.024105321545672041e+03 -5.444050653240729495e-03 1.760629005299731709e-01 4.538056610924036818e+02
2.024176052823205055e+03 -6.260911130282877449e-03 1.764061684791673468e-01 4.435791183025810938e+02
2.024246784100738068e+03 -7.076932036955732065e-03 1.767257683821929770e-01 4.333991221536647913e+02
2.024317515378271310e+03 -7.892013506965896152e-03 1.770218980254127661e-01 4.232632332957745120e+02
2.024388246655804323e+03 -8.706057513837024697e-03 1.772947477809732608e-01 4.131690697184511691e+02
2.024458977933337337e+03 -9.518967743553142374e-03 1.775445008536376268e-01 4.031143031819665907e+02
2.024529709210870351e+03 -1.033064947314651580e-02 1.777713335139540218e-01 3.930966558137371862e+02
2.024600440488403365e+03 -1.114100945477992412e-02 1.779754153185581778e-01 3.831138968605189348e+02
2.024671171765936379e+03 -1.194995580489258483e-02 1.781569093183477392e-01 3.731638395870935483e+02
2.024741903043469392e+03 -1.275739789802242223e-02 1.783159722552188908e-01 3.632443383117962981e+02
2.024812634321002406e+03 -1.356324626493449724e-02 1.784527547480110055e-01 3.533532855692479302e+02
2.024883365598535420e+03 -1.436741249471933449e-02 1.785674014682528954e-01 3.434886093905606117e+02
2.024954096876068661e+03 -1.516980914054151010e-02 1.786600513062650830e-01 3.336482706915061840e+02
2.025024828153601675e+03 -1.597034962874232730e-02 1.787308375281333739e-01 3.238302607594326332e+02
2.025095559431134689e+03 -1.676894817101946822e-02 1.787798879240235228e-01 3.140325988300736526e+02
2.025166290708667702e+03 -1.756551967941984843e-02 1.788073249482794447e-01 3.042533297459436312e+02
2.025237021986200716e+03 -1.835997968390298482e-02 1.788132658517101181e-01 2.944905216884160382e+02
2.025307753263733730e+03 -1.915224425223943649e-02 1.787978228064389385e-01 2.847422639761684877e+02
2.025378484541266744e+03 -1.994222991202567255e-02 1.787611030236651855e-01 2.750066649231135330e+02
2.025449215818799757e+03 -2.072985357460789546e-02 1.787032088646545169e-01 2.652818497493537393e+02
2.025519947096332771e+03 -2.151503246071176378e-02 1.786242379452637197e-01 2.555659585391886424e+02
2.025590678373866012e+03 -2.229768402759454982e-02 1.785242832342653907e-01 2.458571442403946605e+02
2.025661409651399026e+03 -2.307772589753201084e-02 1.784034331457366174e-01 2.361535706994550878e+02
2.025732140928932040e+03 -2.385507578746828491e-02 1.782617716257398344e-01 2.264534107275456165e+02
2.025802872206465054e+03 -2.462965143966158385e-02 1.780993782335205944e-01 2.167548441923149767e+02
2.025873603483998068e+03 -2.540137055315908748e-02 1.779163282174187066e-01 2.070560561307079865e+02
2.025944334761531081e+03 -2.617015071594672171e-02 1.777126925856822859e-01 1.973552348781074954e+02
2.026015066039064095e+03 -2.693590933761834741e-02 1.774885381723546318e-01 1.876505702092500769e+02
2.026085797316597109e+03 -2.769856358241333874e-02 1.772439276983893419e-01 1.779402514863787133e+02
2.026156528594130123e+03 -2.845803030247523110e-02 1.769789198281434273e-01 1.682224658101680461e+02
2.026227259871663364e+03 -2.921422597118606204e-02 1.766935692213739417e-01 1.584953961689305402e+02
2.026297991149196378e+03 -2.996706661643068134e-02 1.763879265808623864e-01 1.487572195816673286e+02
2.026368722426729391e+03 -3.071646775364920978e-02 1.760620386957704731e-01 1.390061052304182283e+02
2.026439453704262405e+03 -3.146234431853282137e-02 1.757159484808303862e-01 1.292402125774181059e+02
2.026510184981795419e+03 -3.220461059922088282e-02 1.753496950114506736e-01 1.194576894624047441e+02
2.026580916259328433e+03 -3.294318016785476727e-02 1.749633135548162854e-01 1.096566701754089621e+02
2.026651647536861446e+03 -3.367796581133896544e-02 1.745568355970483487e-01 9.983527350026983527e+01
2.026722378814394460e+03 -3.440887946116787111e-02 1.741302888664809922e-01 8.999160072389544496e+01
2.026793110091927701e+03 -3.513583212216186968e-02 1.736836973531011574e-01 8.012373360628312469e+01
2.026863841369460715e+03 -3.585873379996094845e-02 1.732170813241894480e-01 7.022973230606059758e+01
2.026934572646993729e+03 -3.657749342711703877e-02 1.727304573361902740e-01 6.030763325617060389e+01
2.027005303924526743e+03 -3.729201878762413574e-02 1.722238382428318559e-01 5.035544698407618114e+01
2.027076035202059757e+03 -3.800221643971522095e-02 1.716972331995040846e-01 4.037115587067718536e+01
2.027146766479592770e+03 -3.870799163675483351e-02 1.711506476639002572e-01 3.035271184181969062e+01
2.027217497757125784e+03 -3.940924824604448429e-02 1.705840833929110067e-01 2.029803398600140696e+01
2.027288229034658798e+03 -4.010588866535359093e-02 1.699975384357556019e-01 1.020500609153180349e+01
2.027358960312191812e+03 -4.079781373697975722e-02 1.693910071233288295e-01 7.147409601271532964e-02
2.027429691589725053e+03 -4.148492265913011900e-02 1.687644800537219103e-01 -1.010475655939922568e+01
2.027500422867258067e+03 -4.216711289440934485e-02 1.681179440738822251e-01 -2.032592367900879182e+01
2.027571154144791080e+03 -4.284428007518691767e-02 1.674513822573493738e-01 -3.059431117351370943e+01
2.027641885422324094e+03 -4.351631790559996882e-02 1.667647738780111966e-01 -4.091225204202407895e+01
2.027712616699857108e+03 -4.418311805994260683e-02 1.660580943798012632e-01 -5.128213148520146802e+01
2.027783347977390122e+03 -4.484457007716852878e-02 1.653313153422525661e-01 -6.170639016020338374e+01
2.027854079254923136e+03 -4.550056125122284301e-02 1.645844044418108276e-01 -7.218752758910255807e+01
2.027924810532456149e+03 -4.615097651689859665e-02 1.638173254087966213e-01 -8.272810573338590245e+01
2.027995541809989163e+03 -4.679569833089532171e-02 1.630300379798933774e-01 -9.333075274821284495e+01
2.028066273087522404e+03 -4.743460654772888724e-02 1.622224978460221900e-01 -1.039981669312062138e+02
2.028137004365055418e+03 -4.806757829012929528e-02 1.613946565954502699e-01 -1.147331208818305441e+02
2.028207735642588432e+03 -4.869448781352362504e-02 1.605464616519632903e-01 -1.255384658884754714e+02
2.028278466920121446e+03 -4.931520636418049858e-02 1.596778562079190222e-01 -1.364171365616284959e+02
2.028349198197654459e+03 -4.992960203056166085e-02 1.587887791519718983e-01 -1.473721557326867639e+02
2.028419929475187473e+03 -5.053753958738472357e-02 1.578791649912541506e-01 -1.584066396388908515e+02
2.028490660752720487e+03 -5.113888033187461574e-02 1.569489437677720201e-01 -1.695238034159523579e+02
2.028561392030253501e+03 -5.173348191163041482e-02 1.559980409687623526e-01 -1.807269669207316269e+02
2.028632123307786514e+03 -5.232119814350234127e-02 1.550263774307382714e-01 -1.920195609073648484e+02
2.028702854585319756e+03 -5.290187882281712634e-02 1.540338692369376261e-01 -2.034051335812275170e+02
2.028773585862852769e+03 -5.347536952224805212e-02 1.530204276078683812e-01 -2.148873575567695582e+02
2.028844317140385783e+03 -5.404151137956456075e-02 1.519859587846384696e-01 -2.264700372473817254e+02
2.028915048417918797e+03 -5.460014087344388506e-02 1.509303639047270551e-01 -2.381571167188680533e+02
2.028985779695451811e+03 -5.515108958645204701e-02 1.498535388698463700e-01 -2.499526880425405011e+02
2.029056510972984825e+03 -5.569418395423546275e-02 1.487553742055044703e-01 -2.618610001902163731e+02
2.029127242250517838e+03 -5.622924499987327907e-02 1.476357549118543500e-01 -2.738864685209719596e+02
2.029197973528050852e+03 -5.675608805225184489e-02 1.464945603053641743e-01 -2.860336849187186772e+02
2.029268704805583866e+03 -5.727452244720630803e-02 1.453316638507884395e-01 -2.983074286497425760e+02
2.029339436083117107e+03 -5.778435121005747604e-02 1.441469329828558021e-01 -3.107126780200281928e+02
2.029410167360650121e+03 -5.828537071802578767e-02 1.429402289170072782e-01 -3.232546229223838736e+02
2.029480898638183135e+03 -5.877737034085153689e-02 1.417114064484355507e-01 -3.359386783720869403e+02
2.029551629915716148e+03 -5.926013205777450749e-02 1.404603137385852518e-01 -3.487704991356952746e+02
2.029622361193249162e+03 -5.973343004883416990e-02 1.391867920881958987e-01 -3.617559955593999348e+02
2.029693092470782176e+03 -6.019703025825406950e-02 1.378906756958884761e-01 -3.749013507005683437e+02
2.029763823748315190e+03 -6.065068992745598769e-02 1.365717914012606060e-01 -3.882130388593846533e+02
2.029834555025848204e+03 -6.109415709502316605e-02 1.352299584114187714e-01 -4.016978456005107887e+02
2.029905286303381217e+03 -6.152717006069987477e-02 1.338649880098921885e-01 -4.153628893532197708e+02
2.029976017580914458e+03 -6.194945681025292722e-02 1.324766832468644295e-01 -4.292156446903110236e+02
2.030046748858447472e+03 -6.236073439772518712e-02 1.310648386096654183e-01 -4.432639674175744062e+02
2.030117480135980486e+03 -6.276070828126208145e-02 1.296292396723965346e-01 -4.575161216592212554e+02
2.030188211413513500e+03 -6.314907160825672383e-02 1.281696627234179819e-01 -4.719808091960380807e+02
2.030258942691046514e+03 -6.352550444503851645e-02 1.266858743692042821e-01 -4.866672013926105365e+02
2.030329673968579527e+03 -6.388967294568133337e-02 1.251776311127298646e-01 -5.015849741246508415e+02
2.030400405246112541e+03 -6.424122845377558400e-02 1.236446789041698718e-01 -5.167443461744588831e+02
2.030471136523645555e+03 -6.457980653015038541e-02 1.220867526612928883e-01 -5.321561215888195875e+02
2.030541867801178796e+03 -6.490502589861968374e-02 1.205035757565708771e-01 -5.478317364797741220e+02
2.030612599078711810e+03 -6.521648730084853018e-02 1.188948594678121556e-01 -5.637833106934571106e+02
2.030683330356244824e+03 -6.551377225044774377e-02 1.172603023890842894e-01 -5.800237046977945283e+02
2.030754061633777837e+03 -6.579644167537146426e-02 1.155995897988287974e-01 -5.965665819997710742e+02
2.030824792911310851e+03 -6.606403443657296592e-02 1.139123929822898618e-01 -6.134264774713409452e+02
2.030895524188843865e+03 -6.631606570949898083e-02 1.121983685054435964e-01 -6.306188721921964770e+02
2.030966255466376879e+03 -6.655202521322955977e-02 1.104571574373366394e-01 -6.481602757933461589e+02
2.031036986743909893e+03 -6.677137526972325154e-02 1.086883845169481638e-01 -6.660683177196955285e+02
2.031107718021442906e+03 -6.697354867267053813e-02 1.068916572594851150e-01 -6.843618492038449403e+02
2.031178449298976147e+03 -6.715794634191597778e-02 1.050665649955948994e-01 -7.030610579572817187e+02
2.031249180576509161e+03 -6.732393473541942175e-02 1.032126778357103786e-01 -7.221875975776306404e+02
2.031319911854042175e+03 -6.747084298644710765e-02 1.013295455510221793e-01 -7.417647334438321423e+02
2.031390643131575189e+03 -6.759795972925213003e-02 9.941669636266815824e-02 -7.618175065724451542e+02
2.031461374409108203e+03 -6.770452957177387765e-02 9.747363563155014843e-02 -7.823729168937886698e+02
2.031532105686641216e+03 -6.778974916831680131e-02 9.549984444202971878e-02 -8.034601280922672686e+02
2.031602836964174230e+03 -6.785276283780262985e-02 9.349477807256585671e-02 -8.251106976422448724e+02
2.031673568241707244e+03 -6.789265766313441752e-02 9.145786434443126112e-02 -8.473588375384844085e+02
2.031744299519240258e+03 -6.790845799409352124e-02 8.938850183621621648e-02 -8.702417127930176548e+02
2.031815030796773499e+03 -6.789911926022020039e-02 8.728605794806841567e-02 -8.937997855455515719e+02
2.031885762074306513e+03 -6.786352098190329141e-02 8.514986679716092521e-02 -9.180772124755769710e+02
2.031956493351839526e+03 -6.780045884791892352e-02 8.297922692611424400e-02 -9.431223025755025446e+02
2.032027224629372540e+03 -6.770863570537459519e-02 8.077339880910966441e-02 -9.689880426959859960e+02
2.032097955906905554e+03 -6.758665128072632866e-02 7.853160214398065275e-02 -9.957327014681551418e+02
2.032168687184438568e+03 -6.743299041367471769e-02 7.625301291904526546e-02 -1.023420528533462061e+03
2.032239418461971582e+03 -6.724600953519943580e-02 7.393676023932653496e-02 -1.052122573293310325e+03
2.032310149739504595e+03 -6.702392105516469245e-02 7.158192289058468161e-02 -1.081917652895293713e+03
2.032380881017037609e+03 -6.676477524430110555e-02 6.918752561692188829e-02 -1.112893501778642076e+03
2.032451612294570850e+03 -6.646643910002436595e-02 6.675253509417451714e-02 -1.145148136460174783e+03
2.032522343572103864e+03 -6.612657157060965185e-02 6.427585559818937977e-02 -1.178791475087080016e+03
2.032593074849636878e+03 -6.574259436272386625e-02 6.175632438821534315e-02 -1.213947268516800705e+03
2.032663806127169892e+03 -6.531165735015719009e-02 5.919270684291561002e-02 -1.250755427724687024e+03
2.032734537404702905e+03 -6.483059731596936548e-02 5.658369140266532316e-02 -1.289374862247357669e+03
2.032805268682235919e+03 -6.429588838186370281e-02 5.392788440454225618e-02 -1.329986969536253810e+03
2.032875999959768933e+03 -6.370358198999852284e-02 5.122380497018767798e-02 -1.372799940086678362e+03
