2.010356112597776246e+03 -3.044422001340214151e-02 1.761885067216296119e-01 1.360035886926012267e+02
2.010409814071673964e+03 -3.101002135448818406e-02 1.759228689181761007e-01 1.285948289012314092e+02
2.010463515545571681e+03 -3.157377152124755948e-02 1.756455946275815305e-01 1.211762610655827501e+02
2.010517217019469399e+03 -3.213543267029399242e-02 1.753566991328878444e-01 1.137470686899684154e+02
2.010570918493367117e+03 -3.269496670321104387e-02 1.750561964570215012e-01 1.063064301551968214e+02
2.010624619967264834e+03 -3.325233524889158188e-02 1.747440993688263167e-01 9.885351821845497966e+01
2.010678321441162325e+03 -3.380749964567850152e-02 1.744204193883557019e-01 9.138749950596826466e+01
2.010732022915060043e+03 -3.436042092329828768e-02 1.740851667914283807e-01 8.390753399750475694e+01
2.010785724388957760e+03 -3.491105978452944958e-02 1.737383506134650424e-01 7.641277450241715030e+01
2.010839425862855478e+03 -3.545937658663039088e-02 1.733799786525918041e-01 6.890236612579592190e+01
2.010893127336753196e+03 -3.600533132246681867e-02 1.730100574720236373e-01 6.137544572439549029e+01
2.010946828810650914e+03 -3.654888360133030922e-02 1.726285924017316176e-01 5.383114135128686684e+01
2.011000530284548631e+03 -3.708999262941892888e-02 1.722355875393890290e-01 4.626857168840930257e+01
2.011054231758446349e+03 -3.762861718995648419e-02 1.718310457505983491e-01 3.868684546609441810e+01
2.011107933232344067e+03 -3.816471562292261116e-02 1.714149686683997531e-01 3.108506086864608875e+01
2.011161634706241784e+03 -3.869824580436825867e-02 1.709873566920572241e-01 2.346230492497646480e+01
2.011215336180139275e+03 -3.922916512528447364e-02 1.705482089851211858e-01 1.581765288333383346e+01
2.011269037654036993e+03 -3.975743047001139424e-02 1.700975234727523100e-01 8.150167568847360045e+00
2.011322739127934710e+03 -4.028299819412208688e-02 1.696352968383298965e-01 4.588987232869931043e-01
2.011376440601832428e+03 -4.080582410179576375e-02 1.691615245193012484e-01 -7.257117674778235106e+00
2.011430142075730146e+03 -4.132586342261530821e-02 1.686762007022917231e-01 -1.499886011014786469e+01
2.011483843549627863e+03 -4.184307078776761807e-02 1.681793183174570550e-01 -2.276732225293951117e+01
2.011537545023525581e+03 -4.235740020561055280e-02 1.676708690320697637e-01 -3.056351370361945285e+01
2.011591246497423299e+03 -4.286880503657017338e-02 1.671508432433264912e-01 -3.838846076252822570e+01
2.011644947971321017e+03 -4.337723796732995823e-02 1.666192300703721874e-01 -4.624320722533893502e+01
2.011698649445218734e+03 -4.388265098427261701e-02 1.660760173455170796e-01 -5.412881520602716279e+01
2.011752350919116452e+03 -4.438499534613249420e-02 1.655211916046410991e-01 -6.204636598895347532e+01
2.011806052393013942e+03 -4.488422155581366785e-02 1.649547380767675264e-01 -6.999696091176372192e+01
2.011859753866911660e+03 -4.538027933134067271e-02 1.643766406727784901e-01 -7.798172228110350090e+01
2.011913455340809378e+03 -4.587311757586193944e-02 1.637868819732843928e-01 -8.600179432256737755e+01
2.011967156814707096e+03 -4.636268434669824079e-02 1.631854432155853962e-01 -9.405834416757114980e+01
2.012020858288604813e+03 -4.684892682335218411e-02 1.625723042797375673e-01 -1.021525628787838968e+02
2.012074559762502531e+03 -4.733179127443540996e-02 1.619474436736831058e-01 -1.102856665165987806e+02
2.012128261236400249e+03 -4.781122302345271885e-02 1.613108385174287784e-01 -1.184588972489893308e+02
2.012181962710297967e+03 -4.828716641338225840e-02 1.606624645262428874e-01 -1.266735245073140277e+02
2.012235664184195684e+03 -4.875956476998640626e-02 1.600022959928411037e-01 -1.349308461907728258e+02
2.012289365658093402e+03 -4.922836036378501479e-02 1.593303057685369895e-01 -1.432321899223737773e+02
2.012343067131990892e+03 -4.969349437061646585e-02 1.586464652433233757e-01 -1.515789143594399775e+02
2.012396768605888610e+03 -5.015490683072182376e-02 1.579507443248359122e-01 -1.599724105620994692e+02
2.012450470079786328e+03 -5.061253660624213946e-02 1.572431114162055332e-01 -1.684141034227016576e+02
2.012504171553684046e+03 -5.106632133708230437e-02 1.565235333927055550e-01 -1.769054531605326019e+02
2.012557873027581763e+03 -5.151619739502071721e-02 1.557919755771936809e-01 -1.854479568852199520e+02
2.012611574501479481e+03 -5.196209983598149007e-02 1.550484017142912119e-01 -1.940431502332399418e+02
2.012665275975377199e+03 -5.240396235036462458e-02 1.542927739432552459e-01 -2.026926090819424928e+02
2.012718977449274917e+03 -5.284171721132568944e-02 1.535250527694968226e-01 -2.113979513458640724e+02
2.012772678923172634e+03 -5.327529522089003572e-02 1.527451970346907495e-01 -2.201608388604259687e+02
2.012826380397070352e+03 -5.370462565378023717e-02 1.519531638854282607e-01 -2.289829793584268316e+02
2.012880081870968070e+03 -5.412963619882555505e-02 1.511489087403499187e-01 -2.378661285450407661e+02
2.012933783344865560e+03 -5.455025289781353232e-02 1.503323852557022500e-01 -2.468120922771272205e+02
2.012987484818763278e+03 -5.496640008164904723e-02 1.495035452892387873e-01 -2.558227288523202674e+02
2.013041186292660996e+03 -5.537800030363605741e-02 1.486623388624468411e-01 -2.648999514094860501e+02
2.013094887766558713e+03 -5.578497426976120055e-02 1.478087141209832867e-01 -2.740457304310434097e+02
2.013148589240456431e+03 -5.618724076579667548e-02 1.469426172933606389e-01 -2.832620962891074328e+02
2.013202290714354149e+03 -5.658471658114261338e-02 1.460639926480307993e-01 -2.925511415987677992e+02
2.013255992188251867e+03 -5.697731642957806764e-02 1.451727824497279495e-01 -3.019150224496497685e+02
2.013309693662149584e+03 -5.736495286814699557e-02 1.442689269185686296e-01 -3.113559549177181793e+02
2.013363395136047302e+03 -5.774753621947167903e-02 1.433523642053469438e-01 -3.208761935880067995e+02
2.013417096609945020e+03 -5.812497451622217204e-02 1.424230304287284754e-01 -3.304779546264667829e+02
2.013470798083842510e+03 -5.849717350581586789e-02 1.414808598639678006e-01 -3.401632873878288592e+02
2.013524499557740228e+03 -5.886403665331110813e-02 1.405257851248014889e-01 -3.499343282546134901e+02
2.013578201031637946e+03 -5.922546484530607364e-02 1.395577366298211275e-01 -3.597939396733206650e+02
2.013631902505535663e+03 -5.958135598684503875e-02 1.385766418476037376e-01 -3.697453056211425064e+02
2.013685603979433381e+03 -5.993160491738361295e-02 1.375824253301815847e-01 -3.797914585580473386e+02
2.013739305453331099e+03 -6.027610340683626361e-02 1.365750089386683075e-01 -3.899353763020711767e+02
2.013793006927228816e+03 -6.061474007652628559e-02 1.355543118957991677e-01 -4.001800958080406758e+02
2.013846708401126534e+03 -6.094740027549404304e-02 1.345202507446325024e-01 -4.105287545413912085e+02
2.013900409875024252e+03 -6.127396593826878179e-02 1.334727392777040889e-01 -4.209846054107337636e+02
2.013954111348921970e+03 -6.159431543184231556e-02 1.324116884561191698e-01 -4.315510251400795596e+02
2.014007812822819687e+03 -6.190832339333986883e-02 1.313370063232157103e-01 -4.422315214233749430e+02
2.014061514296717178e+03 -6.221586055825144290e-02 1.302485979136890626e-01 -4.530297401544993363e+02
2.014115215770614896e+03 -6.251679357867349907e-02 1.291463651581597760e-01 -4.639494730527387105e+02
2.014168917244512613e+03 -6.281098483084579520e-02 1.280302067830564050e-01 -4.749946657833746713e+02
2.014222618718410331e+03 -6.309829221122867371e-02 1.269000182054612624e-01 -4.861694266291615918e+02
2.014276320192308049e+03 -6.337856892025434119e-02 1.257556914227062617e-01 -4.974780357604008714e+02
2.014330021666205766e+03 -6.365166323283308336e-02 1.245971148963851277e-01 -5.089249551545329382e+02
2.014383723140103484e+03 -6.391741825460453552e-02 1.234241734304560856e-01 -5.205148392203226422e+02
2.014437424614001202e+03 -6.417567166283531799e-02 1.222367480430896491e-01 -5.322525461870850449e+02
2.014491126087898920e+03 -6.442625543076134498e-02 1.210347158318803851e-01 -5.441431503255257667e+02
2.014544827561796637e+03 -6.466899553406257883e-02 1.198179498320232628e-01 -5.561919550734832001e+02
2.014598529035694355e+03 -6.490371163803389243e-02 1.185863188670229079e-01 -5.684045071474500901e+02
2.014652230509591845e+03 -6.513021676387562020e-02 1.173396873914746841e-01 -5.807866117291910086e+02
2.014705931983489563e+03 -6.534831693238349337e-02 1.160779153253947565e-01 -5.933443488265764927e+02
2.014759633457387281e+03 -6.555781078312518384e-02 1.148008578796384377e-01 -6.060840909173841737e+02
2.014813334931284999e+03 -6.575848916703352920e-02 1.135083653717334218e-01 -6.190125219985284275e+02
2.014867036405182716e+03 -6.595013471010359452e-02 1.122002830315885630e-01 -6.321366581749233546e+02
2.014920737879080434e+03 -6.613252134565963947e-02 1.108764507963845986e-01 -6.454638699384217944e+02
2.014974439352978152e+03 -6.630541381238681808e-02 1.095367030939400493e-01 -6.590019063041087293e+02
2.015028140826875870e+03 -6.646856711502598103e-02 1.081808686137879644e-01 -6.727589209906643646e+02
2.015081842300773587e+03 -6.662172594428979189e-02 1.068087700651379895e-01 -6.867435008529330389e+02
2.015135543774671305e+03 -6.676462405218616669e-02 1.054202239208387182e-01 -7.009646967930826804e+02
2.015189245248568795e+03 -6.689698357852880140e-02 1.040150401464367963e-01 -7.154320573240531758e+02
2.015242946722466513e+03 -6.701851432423097665e-02 1.025930219137583810e-01 -7.301556639978941803e+02
2.015296648196364231e+03 -6.712891297016418402e-02 1.011539653041457487e-01 -7.451461553965148141e+02
2.015350349670261949e+03 -6.722786228568355948e-02 9.969765907438730979e-02 -7.604145825818154663e+02
2.015404051144159666e+03 -6.731503067917492256e-02 9.822388500806575329e-02 -7.759715492883956358e+02
2.015457752618057384e+03 -6.739007171618383030e-02 9.673241827732774467e-02 -7.918291742079281903e+02
2.015511454091955102e+03 -6.745262135449352214e-02 9.522302457985874768e-02 -8.080024573518661555e+02
2.015565155565852820e+03 -6.750229659201041621e-02 9.369545952652984233e-02 -8.245061041861621334e+02
2.015618857039750537e+03 -6.753869484040672666e-02 9.214946918832184197e-02 -8.413553360026587598e+02
2.015672558513648255e+03 -6.756139263542799978e-02 9.058478980848101714e-02 -8.585663266014017836e+02
2.015726259987545973e+03 -6.756994410398765860e-02 8.900114732463243472e-02 -8.761563208542368102e+02
2.015779961461443463e+03 -6.756387927403507965e-02 8.739825684636293168e-02 -8.941437320787151748e+02
2.015833662935341181e+03 -6.754270221798527873e-02 8.577582209808415348e-02 -9.125482477731935660e+02
2.015887364409238899e+03 -6.750588901012812004e-02 8.413353482577549947e-02 -9.313909471475831197e+02
2.015941065883136616e+03 -6.745288547493132059e-02 8.247107416506001265e-02 -9.506944322199187809e+02
2.015994767357034334e+03 -6.738310469965763660e-02 8.078810596814804679e-02 -9.704829743819948362e+02
2.016048468830932052e+03 -6.729592428065449272e-02 7.908428208695091055e-02 -9.907826786427900743e+02
2.016102170304829770e+03 -6.719068326788064927e-02 7.735923960965700175e-02 -1.011621668128783995e+03
2.016155871778727487e+03 -6.706667876656310923e-02 7.561260004805873958e-02 -1.033030291863992034e+03
2.016209573252625205e+03 -6.692316214813470721e-02 7.384396847297670929e-02 -1.055041359384709040e+03
2.016263274726522923e+03 -6.675933481456421126e-02 7.205293259530688721e-02 -1.077690406384309881e+03
2.016316976200420413e+03 -6.657434345055403269e-02 7.023906179052744059e-02 -1.101015996357479935e+03
2.016370677674318131e+03 -6.636727468648789818e-02 6.840190606496325543e-02 -1.125060064152550694e+03
2.016424379148215849e+03 -6.613714908102891199e-02 6.654099496306002670e-02 -1.149868308455547322e+03
2.016478080622113566e+03 -6.588291431551827892e-02 6.465583641609180809e-02 -1.175490640542137271e+03
2.016531782096011284e+03 -6.560343748331842750e-02 6.274591554599408261e-02 -1.201981653989456845e+03
2.016585483569909002e+03 -6.529749670335556477e-02 6.081069378965391764e-02 -1.229400026135125245e+03
2.016639185043806719e+03 -6.496377317863381851e-02 5.884960952523544953e-02 -1.257809242306230772e+03
2.016692886517704437e+03 -6.460083670399131839e-02 5.686207389408640817e-02 -1.287285018543304659e+03
2.016746587991602155e+03 -6.420713081124229671e-02 5.484746806725158269e-02 -1.317908625897776574e+03
2.016800289465499873e+03 -6.378095920924695128e-02 5.280514362548421881e-02 -1.349769517716992141e+03
2.016853990939397590e+03 -6.332046811078276272e-02 5.073442146839975825e-02 -1.382967297436557146e+03
2.016907692413295081e+03 -6.282362535158296513e-02 4.863459065849725510e-02 -1.417613280152173729e+03
2.016961393887192799e+03 -6.228819585736500297e-02 4.650490746213632037e-02 -1.453832329389618963e+03
2.017015095361090516e+03 -6.171171266386132198e-02 4.434459471304010719e-02 -1.491765056113211813e+03
2.017068796834988234e+03 -6.109144247618749496e-02 4.215284167023530815e-02 -1.531570467240853304e+03
2.017122498308885952e+03 -6.042434447207764570e-02 3.992880461545754434e-02 -1.573429175080121922e+03
2.017176199782783669e+03 -5.970702067824176090e-02 3.767160853989045405e-02 -1.617547311606349240e+03
2.017229901256681387e+03 -5.893565574404793089e-02 3.538035042285918308e-02 -1.664161334894014999e+03
2.017283602730579105e+03 -5.810594324901464242e-02 3.305410482945730227e-02 -1.713543973339182230e+03
2.017337304204476823e+03 -5.721299473253967094e-02 3.069193288769881539e-02 -1.766011631926745622e+03
2.017391005678374540e+03 -5.625122632346219592e-02 2.829289621552383630e-02 -1.821933636114170667e+03
2.017444707152272031e+03 -5.521421716969258237e-02 2.585607871717109790e-02 -1.881741178890657011e+03
2.017498408626169748e+03 -5.409453137438171438e-02 2.338062029924889776e-02 -1.945946777695098035e+03
2.017552110100067466e+03 -5.288347470323143812e-02 2.086576087978323640e-02 -2.015167085459268037e+03
2.017605811573965184e+03 -5.157078895495001425e-02 1.831091418648412433e-02 -2.090139323998810141e+03
2.017659513047862902e+03 -5.014424573324957612e-02 1.571577980025788343e-02 -2.171757415180691623e+03
2.017713214521760619e+03 -4.858909466811923289e-02 1.308051456946032233e-02 -2.261114922189235131e+03
2.017766915995658337e+03 -4.688730297360844262e-02 1.040600137446912217e-02 -2.359560993396767572e+03
2.017820617469556055e+03 -4.501648477527019077e-02 7.694279358982396809e-03 -2.468772549778276243e+03
2.017874318943453773e+03 -4.294835699772727583e-02 4.949250386563252418e-03 -2.590843954137119908e+03
2.017928020417351490e+03 -4.064645193745099888e-02 2.177875526179860657e-03 -2.728387156420671090e+03
2.017981721891249208e+03 -3.806262685650129568e-02 -6.077214073676559698e-04 -2.884606954755372954e+03
2.018035423365146698e+03 -3.513156709198291677e-02 -3.386385917323338820e-03 -3.063221754279950801e+03
2.018089124839044416e+03 -3.176186108742030945e-02 -6.120430316432061597e-03 -3.267799819748526261e+03
2.018142826312942134e+03 -2.782114628424113209e-02 -8.740137503292604026e-03 -3.499025191781713147e+03
2.018196527786839852e+03 -2.311185823477382786e-02 -1.110949772548761559e-02 -3.744463572000530348e+03
2.018250229260737569e+03 -1.733865106647012808e-02 -1.294614877987923518e-02 -3.940755323232344381e+03
2.018303930734635287e+03 -1.011900120556847964e-02 -1.364268189924301190e-02 -3.845072113639553208e+03
2.018357632208533005e+03 -1.355004018391511985e-03 -1.207314620147517843e-02 -2.845733358119828608e+03
2.018411333682430723e+03 7.670213283891187846e-03 -7.441886051251954924e-03 -8.904703511960403830e+02
2.018465035156328440e+03 1.501830241139903190e-02 -9.733010269954615141e-04 6.265989117544579585e+02
2.018518736630226158e+03 2.039367567446603163e-02 5.732597725559836037e-03 1.364299698695706184e+03
2.018572438104123648e+03 2.434361297224161766e-02 1.207856320022944116e-02 1.687723289464574009e+03
2.018626139578021366e+03 2.733682256735656818e-02 1.796610037821007311e-02 1.825965870013422318e+03
2.018679841051919084e+03 2.966965055575939564e-02 2.342712148692948498e-02 1.878817293448711325e+03
2.018733542525816802e+03 3.152648081995142182e-02 2.851621480882769732e-02 1.889916527801668053e+03
2.018787243999714519e+03 3.302634687199482860e-02 3.328469388127646561e-02 1.879629845543059901e+03
2.018840945473612237e+03 3.424951745533962033e-02 3.777572942623261959e-02 1.858112753150108119e+03
2.018894646947509955e+03 3.525232258605639352e-02 4.202465300229914213e-02 1.830717031209437437e+03
2.018948348421407673e+03 3.607566947620644698e-02 4.606030008719420865e-02 1.800386300820814540e+03
2.019002049895305390e+03 3.675014380203817099e-02 4.990634922212538321e-02 1.768790552679071197e+03
2.019055751369203108e+03 3.729918767128545531e-02 5.358242410288670265e-02 1.736895741400632915e+03
2.019109452843100826e+03 3.774115265233671940e-02 5.710495146461926769e-02 1.705264455654833910e+03
2.019163154316998316e+03 3.809066963069879935e-02 6.048781812472581870e-02 1.674221518765702967e+03
2.019216855790896034e+03 3.835958926819203751e-02 6.374287370101407169e-02 1.643948525046081386e+03
2.019270557264793752e+03 3.855764411364940442e-02 6.688031738731556319e-02 1.614539456519834175e+03
2.019324258738691469e+03 3.869292512562098885e-02 6.990899782885089120e-02 1.586033971172471638e+03
2.019377960212589187e+03 3.877222933016531703e-02 7.283664391422976780e-02 1.558436528089070180e+03
2.019431661686486905e+03 3.880132335652111686e-02 7.567005405306312382e-02 1.531735034391874024e+03
2.019485363160384622e+03 3.878514569142365448e-02 7.841525157822923364e-02 1.505903961754964484e+03
2.019539064634282340e+03 3.872795656706460449e-02 8.107759898350634653e-02 1.480910171960528487e+03
2.019592766108180058e+03 3.863345698918820709e-02 8.366189469622593855e-02 1.456716907041737613e+03
2.019646467582077776e+03 3.850488291773627308e-02 8.617245285376474995e-02 1.433285960394028507e+03
2.019700169055975493e+03 3.834508040586405431e-02 8.861316922205696167e-02 1.410579056421880296e+03
2.019753870529872984e+03 3.815656613531553248e-02 9.098757605919950697e-02 1.388558714886879443e+03
2.019807572003770701e+03 3.794157662673992154e-02 9.329888809097064417e-02 1.367188775531345073e+03
2.019861273477668419e+03 3.770210857639036406e-02 9.555004128521810136e-02 1.346434698206192024e+03
2.019914974951566137e+03 3.743995217339364523e-02 9.774372574980258466e-02 1.326263714858898538e+03
2.019968676425463855e+03 3.715671881511990737e-02 9.988241380196170860e-02 1.306644884370980208e+03
2.020022377899361572e+03 3.685386431510524058e-02 1.019683840446255624e-01 1.287549084471972265e+03
2.020076079373259290e+03 3.653270845618248469e-02 1.040037421199309503e-01 1.268948963021871350e+03
2.020129780847157008e+03 3.619445155035065642e-02 1.059904386567177281e-01 1.250818827470628548e+03
2.020183482321054726e+03 3.584018827635439969e-02 1.079302840784619882e-01 1.233133685779027473e+03
2.020237183794952443e+03 3.547091872534960388e-02 1.098249590592811076e-01 1.215869782277295371e+03
2.020290885268849934e+03 3.508756080055323856e-02 1.116760324050999481e-01 1.199007962811092511e+03
2.020344586742747651e+03 3.469095956719633889e-02 1.134849728572442512e-01 1.182528820515682355e+03
2.020398288216645369e+03 3.428189408473551053e-02 1.152531555341820280e-01 1.166413839678334398e+03
2.020451989690543087e+03 3.386108411656602035e-02 1.169818699257708788e-01 1.150645649578219263e+03
2.020505691164440805e+03 3.342919607019635697e-02 1.186723272251204581e-01 1.135207952660983210e+03
2.020559392638338522e+03 3.298684821230863512e-02 1.203256668726253448e-01 1.120085448029564986e+03
2.020613094112236240e+03 3.253461526108195057e-02 1.219429624083682440e-01 1.105263759846989160e+03
2.020666795586133958e+03 3.207303244307831147e-02 1.235252267201691206e-01 1.090729370803012671e+03
2.020720497060031676e+03 3.160259908806059559e-02 1.250734167619513004e-01 1.076469560466168105e+03
2.020774198533929393e+03 3.112378182363124968e-02 1.265884378064351112e-01 1.062472348277745823e+03
2.020827900007827111e+03 3.063701742210726484e-02 1.280711472872324841e-01 1.048726440912068483e+03
2.020881601481724601e+03 3.014271534420282644e-02 1.295223582778627924e-01 1.035221183713814753e+03
2.020935302955622319e+03 2.964126001754186987e-02 1.309428426488918329e-01 1.021946515921273885e+03
2.020989004429520037e+03 2.913301288260789282e-02 1.323333339388559071e-01 1.008892929392204906e+03
2.021042705903417755e+03 2.861831423408265837e-02 1.336945299702431145e-01 9.960514305585743386e+02
2.021096407377315472e+03 2.809748488174005493e-02 1.350270952376569911e-01 9.834135053522718408e+02
2.021150108851213190e+03 2.757082765175452449e-02 1.363316630920358152e-01 9.709710868451966235e+02
2.021203810325110908e+03 2.703862874649400408e-02 1.376088377416806730e-01 9.587165251520619904e+02
2.021257511799008626e+03 2.650115897802295464e-02 1.388591960858074625e-01 9.466425560382086815e+02
2.021311213272906343e+03 2.595867488190792619e-02 1.400832893585929051e-01 9.347422226939489747e+02
2.021364914746804061e+03 2.541141965102788891e-02 1.412816441979939941e-01 9.230083944636819524e+02
2.021418616220701551e+03 2.485962378976968451e-02 1.424547624817919245e-01 9.114337770293418544e+02
2.021472317694599269e+03 2.430350634230745571e-02 1.436031246400948369e-01 9.000134076933949245e+02
2.021526019168496987e+03 2.374327608620130717e-02 1.447271932804867767e-01 8.887423083617771908e+02
2.021579720642394705e+03 2.317913194861133050e-02 1.458274127126136521e-01 8.776151653860140414e+02
2.021633422116292422e+03 2.261126355851039368e-02 1.469042094078212846e-01 8.666268370939410488e+02
2.021687123590190140e+03 2.203985184116041829e-02 1.479579929159048346e-01 8.557724080088736400e+02
2.021740825064087858e+03 2.146506957432488608e-02 1.489891567679596240e-01 8.450471806748829522e+02
2.021794526537985575e+03 2.088708190193382802e-02 1.499980793207016383e-01 8.344466632613997490e+02
2.021848228011883293e+03 2.030604680851993971e-02 1.509851245434761791e-01 8.239665576424487199e+02
2.021901929485781011e+03 1.972211555794150736e-02 1.519506427523786007e-01 8.136027482627166592e+02
2.021955630959678729e+03 1.913543309959010036e-02 1.528949712957565488e-01 8.033512917575345682e+02
2.022009332433576219e+03 1.854613844494949065e-02 1.538184351949713202e-01 7.932084072702992898e+02
2.022063033907473937e+03 1.795436501707320040e-02 1.547213477439653151e-01 7.831704674132934088e+02
2.022116735381371655e+03 1.736024097533640093e-02 1.556040110707786195e-01 7.732339898230783319e+02
2.022170436855269372e+03 1.676388951750261425e-02 1.564667166639976126e-01 7.633956292643460984e+02
2.022224138329167090e+03 1.616542916103384797e-02 1.573097458667287729e-01 7.536521702414928541e+02
2.022277839803064808e+03 1.556497400533298110e-02 1.581333703405317093e-01 7.440005200796758800e+02
2.022331541276962525e+03 1.496263397647033984e-02 1.589378525015136823e-01 7.344377024406544479e+02
2.022385242750860243e+03 1.435851505579229664e-02 1.597234459305980625e-01 7.249608512414692996e+02
2.022438944224757961e+03 1.375271949368976621e-02 1.604903957598139974e-01 7.155672049467265197e+02
2.022492645698655679e+03 1.314534600967769834e-02 1.612389390362891917e-01 7.062541012075193976e+02
2.022546347172553169e+03 1.253648997984837046e-02 1.619693050655003630e-01 6.970189718223580257e+02
2.022600048646450887e+03 1.192624361263721136e-02 1.626817157352177523e-01 6.878593379970402566e+02
2.022653750120348604e+03 1.131469611382146523e-02 1.633763858214059839e-01 6.787728058831686440e+02
2.022707451594246322e+03 1.070193384149857249e-02 1.640535232773495111e-01 6.697570623751454377e+02
2.022761153068144040e+03 1.008804045181549945e-02 1.647133295070645487e-01 6.608098711482914496e+02
2.022814854542041758e+03 9.473097036106567156e-03 1.653559996240380192e-01 6.519290689207228979e+02
2.022868556015939475e+03 8.857182250057151970e-03 1.659817226962304049e-01 6.431125619201576455e+02
2.022922257489837193e+03 8.240372435454682010e-03 1.665906819781969306e-01 6.343583225237813394e+02
2.022975958963734911e+03 7.622741735045904937e-03 1.671830551310291291e-01 6.256643859745438476e+02
2.023029660437632629e+03 7.004362200956451220e-03 1.677590144303963415e-01 6.170288467806032031e+02
2.023083361911530346e+03 6.385303897039374364e-03 1.683187269612601566e-01 6.084498531138484623e+02
2.023137063385427837e+03 5.765634995274501219e-03 1.688623547908485456e-01 5.999255922897513074e+02
2.023190764859325554e+03 5.145421865626341289e-03 1.693900550852673048e-01 5.914542433198624849e+02
2.023244466333223272e+03 4.524729157656259479e-03 1.699019800710537820e-01 5.830338604956567679e+02
2.023298167807120990e+03 3.903619876147532662e-03 1.703982768230278555e-01 5.746623832497226658e+02
2.023351869281018708e+03 3.282155469627646809e-03 1.708790875787711272e-01 5.663381843815650427e+02
2.023405570754916425e+03 2.660395928272950555e-03 1.713445508362360370e-01 5.580601166531982926e+02
2.023459272228814143e+03 2.038399853815915739e-03 1.717948017385315385e-01 5.498269447513994237e+02
2.023512973702711861e+03 1.416224514568177346e-03 1.722299718420358949e-01 5.416372893905547699e+02
2.023566675176609579e+03 7.939259035402468660e-04 1.726501890150037577e-01 5.334897391841686840e+02
2.023620376650507296e+03 1.715587976474001292e-04 1.730555774846522787e-01 5.253828989828488147e+02
2.023674078124404787e+03 -4.508231847695218296e-04 1.734462579325514453e-01 5.173154027080598780e+02
2.023727779598302504e+03 -1.073167528854682140e-03 1.738223475995544220e-01 5.092859156408672447e+02
2.023781481072200222e+03 -1.695422770587082456e-03 1.741839603896168931e-01 5.012931339654364820e+02
2.023835182546097940e+03 -2.317538446508303051e-03 1.745312069699430091e-01 4.933357836395543359e+02
2.023888884019995658e+03 -2.939465045662166803e-03 1.748641948669233670e-01 4.854126191302597704e+02
2.023942585493893375e+03 -3.561153963622686481e-03 1.751830285579042135e-01 4.775224221539443761e+02
2.023996286967791093e+03 -4.182557458489614272e-03 1.754878095589422482e-01 4.696640004561103297e+02
2.024049988441688811e+03 -4.803628608728952552e-03 1.757786365087345148e-01 4.618361866383912684e+02
2.024103689915586529e+03 -5.424321272754546557e-03 1.760556052489031242e-01 4.540378370327977109e+02
2.024157391389484246e+03 -6.044590050143550629e-03 1.763188089008126680e-01 4.462678306213421706e+02
2.024211092863381964e+03 -6.664390244392311147e-03 1.765683379390906582e-01 4.385250679986176010e+02
2.024264794337279454e+03 -7.283677827118030003e-03 1.768042802619996523e-01 4.308084703750037647e+02
2.024318495811177172e+03 -7.902409403638802066e-03 1.770267212588171879e-01 4.231169786179587504e+02
2.024372197285074890e+03 -8.520542179810739955e-03 1.772357438743532299e-01 4.154495523297292152e+02
2.024425898758972608e+03 -9.138033930100453520e-03 1.774314286707462107e-01 4.078051689587258011e+02
2.024479600232870325e+03 -9.754842966783791591e-03 1.776138538866537664e-01 4.001828229430979036e+02
2.024533301706768043e+03 -1.037092811021750674e-02 1.777830954939561559e-01 3.925815248844657503e+02
2.024587003180665761e+03 -1.098624866011967301e-02 1.779392272520844975e-01 3.850003007500875469e+02
2.024640704654563478e+03 -1.160076436779883258e-02 1.780823207600725488e-01 3.774381911017921993e+02
2.024694406128461196e+03 -1.221443540927602371e-02 1.782124455064348356e-01 3.698942503501057786e+02
2.024748107602358914e+03 -1.282722235924514849e-02 1.783296689169599492e-01 3.623675460320881143e+02
2.024801809076256404e+03 -1.343908616581951376e-02 1.784340564005048591e-01 3.548571581114789524e+02
2.024855510550154122e+03 -1.404998812603177119e-02 1.785256713928804195e-01 3.473621782996209504e+02
2.024909212024051840e+03 -1.465988986200312399e-02 1.786045753988914075e-01 3.398817093963434104e+02
2.024962913497949557e+03 -1.526875329778967262e-02 1.786708280326192444e-01 3.324148646489565522e+02
2.025016614971847275e+03 -1.587654063682637784e-02 1.787244870560072141e-01 3.249607671286535719e+02
2.025070316445744993e+03 -1.648321433994427709e-02 1.787656084158177894e-01 3.175185491230275261e+02
2.025124017919642711e+03 -1.708873710392153425e-02 1.787942462790226283e-01 3.100873515436438765e+02
2.025177719393540428e+03 -1.769307184053226997e-02 1.788104530666826675e-01 3.026663233476579649e+02
2.025231420867438146e+03 -1.829618165605698815e-02 1.788142794863770146e-01 2.952546209725128961e+02
2.025285122341335864e+03 -1.889802983122666410e-02 1.788057745632305739e-01 2.878514077827082360e+02
2.025338823815233582e+03 -1.949857980156208606e-02 1.787849856695869488e-01 2.804558535278179079e+02
2.025392525289131072e+03 -2.009779513808183232e-02 1.787519585533816624e-01 2.730671338108297164e+02
2.025446226763028790e+03 -2.069563952835999990e-02 1.787067373652500568e-01 2.656844295658315787e+02
2.025499928236926507e+03 -2.129207675787154336e-02 1.786493646844186101e-01 2.583069265446431473e+02
2.025553629710824225e+03 -2.188707069164586710e-02 1.785798815434158082e-01 2.509338148110011844e+02
2.025607331184721943e+03 -2.248058525616414283e-02 1.784983274516407648e-01 2.435642882419990940e+02
2.025661032658619661e+03 -2.307258442149413488e-02 1.784047404178230045e-01 2.361975440357848868e+02
2.025714734132517378e+03 -2.366303218362780444e-02 1.782991569714099389e-01 2.288327822249050030e+02
2.025768435606415096e+03 -2.425189254700635400e-02 1.781816121829086497e-01 2.214692051944613240e+02
2.025822137080312814e+03 -2.483912950720065793e-02 1.780521396832160097e-01 2.141060172044811338e+02
2.025875838554210532e+03 -2.542470703373054738e-02 1.779107716819595952e-01 2.067424239157270165e+02
2.025929540028108022e+03 -2.600858905299452059e-02 1.777575389848811971e-01 1.993776319183292571e+02
2.025983241502005740e+03 -2.659073943130218359e-02 1.775924710102783632e-01 1.920108482623872135e+02
2.026036942975903457e+03 -2.717112195795407317e-02 1.774155958045408321e-01 1.846412799902926736e+02
2.026090644449801175e+03 -2.774970032839112893e-02 1.772269400567863529e-01 1.772681336695519860e+02
2.026144345923698893e+03 -2.832643812736202263e-02 1.770265291126293661e-01 1.698906149258434937e+02
2.026198047397596611e+03 -2.890129881209649310e-02 1.768143869870924811e-01 1.625079279755155142e+02
2.026251748871494328e+03 -2.947424569546331849e-02 1.765905363766837322e-01 1.551192751568883921e+02
2.026305450345392046e+03 -3.004524192909432956e-02 1.763549986706499650e-01 1.477238564596542005e+02
2.026359151819289764e+03 -3.061425048644891497e-02 1.761077939614265064e-01 1.403208690517803348e+02
2.026412853293187482e+03 -3.118123414580260822e-02 1.758489410542924125e-01 1.329095068031776634e+02
