2.010356112597776246e+03 -3.044422001340214151e-02 1.761885067216296119e-01 1.360035886926012267e+02
2.010409814071673964e+03 -3.101002127924917459e-02 1.759228684856475045e-01 1.285942786412556984e+02
2.010463515545571681e+03 -3.157377121842014356e-02 1.756455928982339210e-01 1.211751597702866832e+02
2.010517217019469399e+03 -3.213543198469766271e-02 1.753566952434562065e-01 1.137454154762575911e+02
2.010570918493367117e+03 -3.269496547680045967e-02 1.750561895451006877e-01 1.063042240316247984e+02
2.010624619967264834e+03 -3.325233332072018155e-02 1.747440885727042925e-01 9.885075808460230462e+01
2.010678321441162325e+03 -3.380749685186017206e-02 1.744204038468513684e-01 9.138418415180031218e+01
2.010732022915060043e+03 -3.436041709696645990e-02 1.740851456437273181e-01 8.390366210270556735e+01
2.010785724388957760e+03 -3.491105475579321660e-02 1.737383229989576949e-01 7.640834463570460855e+01
2.010839425862855478e+03 -3.545937018252912770e-02 1.733799437107120534e-01 6.889737674420472047e+01
2.010893127336753196e+03 -3.600532336692188057e-02 1.730100143420883751e-01 6.136989517253010717e+01
2.010946828810650914e+03 -3.654887391509378802e-02 1.726285402227815680e-01 5.382502786054859456e+01
2.011000530284548631e+03 -3.708998103002080632e-02 1.722355254500294863e-01 4.626189337617589814e+01
2.011054231758446349e+03 -3.762860349164837831e-02 1.718309728888416377e-01 3.867960033486759386e+01
2.011107933232344067e+03 -3.816469963661954512e-02 1.714148841715078531e-01 3.107724680514135684e+01
2.011161634706241784e+03 -3.869822733758715438e-02 1.709872596963853686e-01 2.345391969916241237e+01
2.011215336180139275e+03 -3.922914398208065395e-02 1.705480986259608756e-01 1.580869414740335799e+01
2.011269037654036993e+03 -3.975740645091197650e-02 1.700973988841775197e-01 8.140632856119580651e+00
2.011322739127934710e+03 -4.028297109605627480e-02 1.696351571530408109e-01 4.487854470211528612e-01
2.011376440601832428e+03 -4.080579371802296740e-02 1.691613688684706074e-01 -7.267812222665853028e+00
2.011430142075730146e+03 -4.132582954264959335e-02 1.686760282154093626e-01 -1.501013876047530715e+01
2.011483843549627863e+03 -4.184303319729916482e-02 1.681791281221767520e-01 -2.277918796077346286e+01
2.011537545023525581e+03 -4.235735868642452606e-02 1.676706602540531665e-01 -3.057596954994035698e+01
2.011591246497423299e+03 -4.286875936646181162e-02 1.671506150060910467e-01 -3.840150995603864459e+01
2.011644947971321017e+03 -4.337718792001636625e-02 1.666189814951338777e-01 -4.625685310445150833e+01
2.011698649445218734e+03 -4.388259632930093662e-02 1.660757475510356851e-01 -5.414306124103520546e+01
2.011752350919116452e+03 -4.438493584878445974e-02 1.655208997070640453e-01 -6.206121578440399134e+01
2.011806052393013942e+03 -4.488415697700669921e-02 1.649544231894727042e-01 -7.001241820903641155e+01
2.011859753866911660e+03 -4.538020942752395148e-02 1.643763019062139952e-01 -7.799779096120211364e+01
2.011913455340809378e+03 -4.587304209890927936e-02 1.637865184348101244e-01 -8.601847840912010668e+01
2.011967156814707096e+03 -4.636260304379619807e-02 1.631850540093101043e-01 -9.407564783003330433e+01
2.012020858288604813e+03 -4.684883943688340768e-02 1.625718885063552333e-01 -1.021704904358131643e+02
2.012074559762502531e+03 -4.733169754185710676e-02 1.619470004303068811e-01 -1.103042224395657342e+02
2.012128261236400249e+03 -4.781112267717085168e-02 1.613103668974238125e-01 -1.184780861655789295e+02
2.012181962710297967e+03 -4.828705918062026897e-02 1.606619636190556588e-01 -1.266933512051408570e+02
2.012235664184195684e+03 -4.875945037264822757e-02 1.600017648838282514e-01 -1.349513156209083604e+02
2.012289365658093402e+03 -4.922823851831372582e-02 1.593297435387921179e-01 -1.432533072026808725e+02
2.012343067131990892e+03 -4.969336478784679156e-02 1.586458709695025004e-01 -1.516006847775622930e+02
2.012396768605888610e+03 -5.015476921572770141e-02 1.579501170789825715e-01 -1.599948395779441626e+02
2.012450470079786328e+03 -5.061239065817925431e-02 1.572424502655780931e-01 -1.684371966702148313e+02
2.012504171553684046e+03 -5.106616674902531017e-02 1.565228373996047084e-01 -1.769292164485462706e+02
2.012557873027581763e+03 -5.151603385379626560e-02 1.557912437987942766e-01 -1.854723961971482709e+02
2.012611574501479481e+03 -5.196192702199725622e-02 1.550476332024796899e-01 -1.940682717253465910e+02
2.012665275975377199e+03 -5.240377993743419033e-02 1.542919677444744841e-01 -2.027184190799201815e+02
2.012718977449274917e+03 -5.284152486649131009e-02 1.535242079246012803e-01 -2.114244563394680938e+02
2.012772678923172634e+03 -5.327509260424350551e-02 1.527443125788157663e-01 -2.201880454959130020e+02
2.012826380397070352e+03 -5.370441241828332463e-02 1.519522388478745656e-01 -2.290108944286276369e+02
2.012880081870968070e+03 -5.412941199013046600e-02 1.511479421444880678e-01 -2.378947589770610875e+02
2.012933783344865560e+03 -5.455001735408561425e-02 1.503313761189011832e-01 -2.468414451181621416e+02
2.012987484818763278e+03 -5.496615283339129077e-02 1.495024926228162854e-01 -2.558528112556428766e+02
2.013041186292660996e+03 -5.537774097351515212e-02 1.486612416716413532e-01 -2.649307706278237333e+02
2.013094887766558713e+03 -5.578470247242480612e-02 1.478075714049221501e-01 -2.740772938427414829e+02
2.013148589240456431e+03 -5.618695610764743581e-02 1.469414280449291010e-01 -2.832944115484721124e+02
2.013202290714354149e+03 -5.658441865993363296e-02 1.460627558532989478e-01 -2.925842172480907379e+02
2.013255992188251867e+03 -5.697700483331864796e-02 1.451714970856443077e-01 -3.019488702691353410e+02
2.013309693662149584e+03 -5.736462717136192602e-02 1.442675919440374877e-01 -3.113905988982780855e+02
2.013363395136047302e+03 -5.774719596932913895e-02 1.433509785272664150e-01 -3.209117036926753030e+02
2.013417096609945020e+03 -5.812461918206577455e-02 1.424215927787613467e-01 -3.305145609803147977e+02
2.013470798083842510e+03 -5.849680232728887708e-02 1.414793684320748424e-01 -3.402016265625081815e+02
2.013524499557740228e+03 -5.886364838401744043e-02 1.405242369537793856e-01 -3.499754396328031589e+02
2.013578201031637946e+03 -5.922505768580520191e-02 1.395561274837089916e-01 -3.598386269266356408e+02
2.013631902505535663e+03 -5.958092780847270425e-02 1.385749667723301937e-01 -3.697939071184065369e+02
2.013685603979433381e+03 -5.993115345195598048e-02 1.375806791151662767e-01 -3.798440954821878677e+02
2.013739305453331099e+03 -6.027562631589402503e-02 1.365731862840912914e-01 -3.899921088343233464e+02
2.013793006927228816e+03 -6.061423496853736437e-02 1.355524074553495495e-01 -4.002409707771524836e+02
2.013846708401126534e+03 -6.094686470853145216e-02 1.345182591341282374e-01 -4.105938172648989166e+02
2.013900409875024252e+03 -6.127339741909088727e-02 1.334706550755129784e-01 -4.210539025146753147e+02
2.013954111348921970e+03 -6.159371141404674371e-02 1.324095062016372448e-01 -4.316246052881569994e+02
2.014007812822819687e+03 -6.190768127520268616e-02 1.313347205148348018e-01 -4.423094355722848832e+02
2.014061514296717178e+03 -6.221517768039168395e-02 1.302462030065842657e-01 -4.531120416907260733e+02
2.014115215770614896e+03 -6.251606722158262186e-02 1.291438555619986439e-01 -4.640362178818013490e+02
2.014168917244512613e+03 -6.281021221229891871e-02 1.280275768596823294e-01 -4.750859123816271676e+02
2.014222618718410331e+03 -6.309747048359953814e-02 1.268972622666073025e-01 -4.862652360571947838e+02
2.014276320192308049e+03 -6.337769516775253187e-02 1.257528037277871047e-01 -4.975784716371683771e+02
2.014330021666205766e+03 -6.365073446868543816e-02 1.245940896504205420e-01 -5.090300835943380093e+02
2.014383723140103484e+03 -6.391643141820031737e-02 1.234210047821720224e-01 -5.206247287391234977e+02
2.014437424614001202e+03 -6.417462361684914129e-02 1.222334300832283727e-01 -5.323672675899736078e+02
2.014491126087898920e+03 -6.442514295825854664e-02 1.210312425917331042e-01 -5.442627765935948219e+02
2.014544827561796637e+03 -6.466781533557879047e-02 1.198143152821756069e-01 -5.563165612752268316e+02
2.014598529035694355e+03 -6.490246032859928182e-02 1.185825169162631892e-01 -5.685341704064414898e+02
2.014652230509591845e+03 -6.512889086993145504e-02 1.173357118857803055e-01 -5.809214112841051474e+02
2.014705931983489563e+03 -6.534691288851013358e-02 1.160737600468661340e-01 -5.934843662193654836e+02
2.014759633457387281e+03 -6.555632492847443538e-02 1.147965165452156794e-01 -6.062294103377204237e+02
2.014813334931284999e+03 -6.575691774134098666e-02 1.135038316315136048e-01 -6.191632307958319643e+02
2.014867036405182716e+03 -6.594847384914713506e-02 1.121955504665605591e-01 -6.322928475238190913e+02
2.014920737879080434e+03 -6.613076707604792492e-02 1.108715129154476536e-01 -6.456256356130867289e+02
2.014974439352978152e+03 -6.630356204559577360e-02 1.095315533301436522e-01 -6.591693494883980975e+02
2.015028140826875870e+03 -6.646661364065657718e-02 1.081755003198302811e-01 -6.729321490319183567e+02
2.015081842300773587e+03 -6.661966642258949911e-02 1.068031765082782802e-01 -6.869226278643039905e+02
2.015135543774671305e+03 -6.676245400593883161e-02 1.054143982774778804e-01 -7.011498440300551920e+02
2.015189245248568795e+03 -6.689469838444996042e-02 1.040089754966522645e-01 -7.156233533775081241e+02
2.015242946722466513e+03 -6.701610920371470215e-02 1.025867112356241978e-01 -7.303532459671868082e+02
2.015296648196364231e+03 -6.712638297516637653e-02 1.011474014615045269e-01 -7.453501858854173179e+02
2.015350349670261949e+03 -6.722520222550297520e-02 9.969083471731640667e-02 -7.606254548914942006e+02
2.015404051144159666e+03 -6.731223457484537820e-02 9.821679178123474130e-02 -7.761910003803017162e+02
2.015457752618057384e+03 -6.738713173608694429e-02 9.672504530482212148e-02 -7.920594882033071826e+02
2.015511454091955102e+03 -6.744952842691270822e-02 9.521535942853136258e-02 -8.082443609448037023e+02
2.015565155565852820e+03 -6.749904118486607651e-02 9.368748937259102627e-02 -8.247599022871174839e+02
2.015618857039750537e+03 -6.753526707463064493e-02 9.214118100131468703e-02 -8.416213081110920484e+02
2.015672558513648255e+03 -6.755778227536662905e-02 9.057617035888260171e-02 -8.588447649806360005e+02
2.015726259987545973e+03 -6.756614053448307955e-02 8.899218317474456852e-02 -8.764475366950773605e+02
2.015779961461443463e+03 -6.755987147256790892e-02 8.738893433695456292e-02 -8.944480597177978325e+02
2.015833662935341181e+03 -6.753847872221813153e-02 8.576612733178420878e-02 -9.128660485394859734e+02
2.015887364409238899e+03 -6.750143788108549370e-02 8.412345364804645065e-02 -9.317226123860918960e+02
2.015941065883136616e+03 -6.744819425645835753e-02 8.246059214408629767e-02 -9.510403850778018295e+02
2.015994767357034334e+03 -6.737816037506927369e-02 8.077720837524321462e-02 -9.708436702237223699e+02
2.016048468830932052e+03 -6.729071322749181905e-02 7.907295387901293326e-02 -9.911586043085692381e+02
2.016102170304829770e+03 -6.718519121137772609e-02 7.734746541475664983e-02 -1.012013340631565598e+03
2.016155871778727487e+03 -6.706089073173600312e-02 7.560036415440872515e-02 -1.033438257526241841e+03
2.016209573252625205e+03 -6.691706240930961336e-02 7.383125482035035603e-02 -1.055466194776850898e+03
2.016263274726522923e+03 -6.675290683974575978e-02 7.203972476660043534e-02 -1.078132722534672894e+03
2.016316976200420413e+03 -6.656756983665190752e-02 7.022534300003581420e-02 -1.101476447253412516e+03
2.016370677674318131e+03 -6.636013708067509120e-02 6.838765913970495935e-02 -1.125539359392681490e+03
2.016424379148215849e+03 -6.612962808401268155e-02 6.652620231466839507e-02 -1.150367228398080670e+03
2.016478080622113566e+03 -6.587498936409950934e-02 6.464048000303244945e-02 -1.176010052285949769e+03
2.016531782096011284e+03 -6.559508670020060273e-02 6.272997681725059338e-02 -1.202522572013989702e+03
2.016585483569909002e+03 -6.528869632073922014e-02 6.079415324225539985e-02 -1.229964864145399133e+03
2.016639185043806719e+03 -6.495449483636607513e-02 5.883244433481665120e-02 -1.258403028661730332e+03
2.016692886517704437e+03 -6.459104769279369607e-02 5.684425839535949682e-02 -1.287909992355175746e+03
2.016746587991602155e+03 -6.419679586637551394e-02 5.482897562825417292e-02 -1.318566452502097718e+03
2.016800289465499873e+03 -6.377004046170904605e-02 5.278594681428500773e-02 -1.350461990392437201e+03
2.016853990939397590e+03 -6.330892479149766161e-02 5.071449203161401686e-02 -1.383696388989511206e+03
2.016907692413295081e+03 -6.281141342169187236e-02 4.861389948217095802e-02 -1.418381193597500442e+03
2.016961393887192799e+03 -6.227526754417302135e-02 4.648342451161188715e-02 -1.454641562028218232e+03
2.017015095361090516e+03 -6.169801588330464659e-02 4.432228895350314585e-02 -1.492618466390653566e+03
2.017068796834988234e+03 -6.107692013263576331e-02 4.212968098134171890e-02 -1.532471333848811128e+03
2.017122498308885952e+03 -6.040893363221592344e-02 3.990475572140315952e-02 -1.574381245145940738e+03
2.017176199782783669e+03 -5.969065161074649933e-02 3.764663697683173771e-02 -1.618554845821819981e+03
2.017229901256681387e+03 -5.891825079633825762e-02 3.535442055843982662e-02 -1.665229169852092809e+03
2.017283602730579105e+03 -5.808741549357193668e-02 3.302717993635641974e-02 -1.714677632313458389e+03
2.017337304204476823e+03 -5.719324626191221034e-02 3.066397526173005039e-02 -1.767217514960442259e+03
2.017391005678374540e+03 -5.623014601070557700e-02 2.826386732718782005e-02 -1.823219353127008617e+03
2.017444707152272031e+03 -5.519167647706980234e-02 2.582593883408393701e-02 -1.883118768387715818e+03
2.017498408626169748e+03 -5.407037537027661878e-02 2.334932655380447461e-02 -1.947431517766484149e+03
2.017552110100067466e+03 -5.285752047455308938e-02 2.083326986434773376e-02 -2.016772847370095860e+03
2.017605811573965184e+03 -5.154282099373201642e-02 1.827718419168306019e-02 -2.091882636035118139e+03
2.017659513047862902e+03 -5.011400725670252243e-02 1.568077294985977324e-02 -2.173658307448106825e+03
2.017713214521760619e+03 -4.855627566167491915e-02 1.304420021520357950e-02 -2.263198038698938490e+03
2.017766915995658337e+03 -4.685152315722667521e-02 1.036836154167771092e-02 -2.361857225493914484e+03
2.017820617469556055e+03 -4.497726878071634654e-02 7.655317757870706320e-03 -2.471321118557631507e+03
2.017874318943453773e+03 -4.290509776797224450e-02 4.909007911508441596e-03 -2.593694745752631206e+03
2.017928020417351490e+03 -4.059835585086118276e-02 2.136457804459679886e-03 -2.731603058588416388e+03
2.017981721891249208e+03 -3.800862884155828403e-02 -6.500934117187928728e-04 -2.888265460815470306e+03
2.018035423365146698e+03 -3.507019277045920341e-02 -3.429278772031991301e-03 -3.067414305865099777e+03
2.018089124839044416e+03 -3.169098696143617805e-02 -6.162999669366018077e-03 -3.272613303682181595e+03
2.018142826312942134e+03 -2.773760947552668388e-02 -8.780698078779050966e-03 -3.504444116167756874e+03
2.018196527786839852e+03 -2.301082438814991762e-02 -1.114452562872135337e-02 -3.750020963481797935e+03
2.018250229260737569e+03 -1.721291785173032635e-02 -1.296787606896835678e-02 -3.944186886800940556e+03
2.018303930734635287e+03 -9.960719021328339959e-03 -1.363410845181181261e-02 -3.838103903714846638e+03
2.018357632208533005e+03 -1.171282575494661960e-03 -1.200810523434278458e-02 -2.814267503708643289e+03
2.018411333682430723e+03 7.837994834372346425e-03 -7.322164011062413935e-03 -8.526681631148771885e+02
2.018465035156328440e+03 1.514541874957224012e-02 -8.366629100045017186e-04 6.469715891008452218e+02
2.018518736630226158e+03 2.048809103349358285e-02 5.864842130478064436e-03 1.372720071634313626e+03
2.018572438104123648e+03 2.441680485959684191e-02 1.220154174468805752e-02 1.690734885246026806e+03
2.018626139578021366e+03 2.739645778416975250e-02 1.807996644262948802e-02 1.826583421769060578e+03
2.018679841051919084e+03 2.972044787178005146e-02 2.353307880836756627e-02 1.878332538433610353e+03
2.018733542525816802e+03 3.157140746609737869e-02 2.861550897433140853e-02 1.888910729609901864e+03
2.018787243999714519e+03 3.306734744805617243e-02 3.337839966394458985e-02 1.878381324577264650e+03
2.018840945473612237e+03 3.428791532303590572e-02 3.786473068660362040e-02 1.856761613780606694e+03
2.018894646947509955e+03 3.528904508291201558e-02 4.210966594232436883e-02 1.829336216446489743e+03
2.018948348421407673e+03 3.611138458893536213e-02 4.614190704014842909e-02 1.799014500593226330e+03
2.019002049895305390e+03 3.678534372300178157e-02 4.998502730308047870e-02 1.767448150864786385e+03
2.019055751369203108e+03 3.733424150775054712e-02 5.365856726589198628e-02 1.735592952519090886e+03
2.019109452843100826e+03 3.777634092186742121e-02 5.717888726475098965e-02 1.704005731940531405e+03
2.019163154316998316e+03 3.812620774952159286e-02 6.055982075254568581e-02 1.673008073596129634e+03
2.019216855790896034e+03 3.839564407924337536e-02 6.381317433402473871e-02 1.642779798527225239e+03
2.019270557264793752e+03 3.859434572360104232e-02 6.694911237373953050e-02 1.613413935023929753e+03
2.019324258738691469e+03 3.873037555060378917e-02 6.997645522347301084e-02 1.584949890163535201e+03
2.019377960212589187e+03 3.881051111491000405e-02 7.290291275482202460e-02 1.557393917508766208e+03
2.019431661686486905e+03 3.884050457431405257e-02 7.573526914573831814e-02 1.530731972728660594e+03
2.019485363160384622e+03 3.882528015684941908e-02 7.847953058752844824e-02 1.504937889337096294e+03
2.019539064634282340e+03 3.876908633391727699e-02 8.114104446061545794e-02 1.479978608151441904e+03
2.019592766108180058e+03 3.867561457942254172e-02 8.372459628712945745e-02 1.455817518398257334e+03
2.019646467582077776e+03 3.854809310941093720e-02 8.623448919234903698e-02 1.432416583503059201e+03
2.019700169055975493e+03 3.838936165271514267e-02 8.867460950425913591e-02 1.409737689043108048e+03
2.019753870529872984e+03 3.820193168242881632e-02 9.104848131292389568e-02 1.387743491984749880e+03
2.019807572003770701e+03 3.798803538623267417e-02 9.335931218593741809e-02 1.366397945323661133e+03
2.019861273477668419e+03 3.774966582330965131e-02 9.561003174600547772e-02 1.345666607465973129e+03
2.019914974951566137e+03 3.748861011305726354e-02 9.780332443808771592e-02 1.325516806084310247e+03
2.019968676425463855e+03 3.720647706005581618e-02 9.994165752126775437e-02 1.305917701302636260e+03
2.020022377899361572e+03 3.690472029498411549e-02 1.020273050973656559e-01 1.286840278751191136e+03
2.020076079373259290e+03 3.658465777178435824e-02 1.040623688226722521e-01 1.268257296274740611e+03
2.020129780847157008e+03 3.624748828441307774e-02 1.060487958304009437e-01 1.250143203991491191e+03
2.020183482321054726e+03 3.589430553301641708e-02 1.079883943034836702e-01 1.232474052353320531e+03
2.020237183794952443e+03 3.552611016532331717e-02 1.098828470656583040e-01 1.215227397144203223e+03
2.020290885268849934e+03 3.514382013623853357e-02 1.117337234966281762e-01 1.198382205903870499e+03
2.020344586742747651e+03 3.474827966257344747e-02 1.135424900236503692e-01 1.181918767717405444e+03
2.020398288216645369e+03 3.434026699747495109e-02 1.153105193970922759e-01 1.165818607001366900e+03
2.020451989690543087e+03 3.392050120744041081e-02 1.170390989209288829e-01 1.150064401142946281e+03
2.020505691164440805e+03 3.348964810171254497e-02 1.187294377785770849e-01 1.134639901489483236e+03
2.020559392638338522e+03 3.304832543744899709e-02 1.203826735702066275e-01 1.119529857367057730e+03
2.020613094112236240e+03 3.259710750327182716e-02 1.219998781589385628e-01 1.104719943400246166e+03
2.020666795586133958e+03 3.213652916741656373e-02 1.235820629097100082e-01 1.090196690918696277e+03
2.020720497060031676e+03 3.166708946356060206e-02 1.251301833943714303e-01 1.075947424272257877e+03
2.020774198533929393e+03 3.118925477651898759e-02 1.266451436280194298e-01 1.061960202482071281e+03
2.020827900007827111e+03 3.070346168072766307e-02 1.281277998936005691e-01 1.048223766163933533e+03
2.020881601481724601e+03 3.021011947652000110e-02 1.295789642042851908e-01 1.034727489329794935e+03
2.020935302955622319e+03 2.970961246246714427e-02 1.309994074462821900e-01 1.021461335542101665e+03
2.020989004429520037e+03 2.920230197645323419e-02 1.323898622386109891e-01 1.008415817881079647e+03
2.021042705903417755e+03 2.868852823335009058e-02 1.337510255413618676e-01 9.955819622007994667e+02
2.021096407377315472e+03 2.816861198325423116e-02 1.350835610392783215e-01 9.829512731806189549e+02
2.021150108851213190e+03 2.764285601087025299e-02 1.363881013237898954e-01 9.705157027382407477e+02
2.021203810325110908e+03 2.711154649384527743e-02 1.376652498933917945e-01 9.582676204827996571e+02
2.021257511799008626e+03 2.657495423554087979e-02 1.389155829897448513e-01 9.461997860309737689e+02
2.021311213272906343e+03 2.603333578580275046e-02 1.401396512849475695e-01 9.343053231351782415e+02
2.021364914746804061e+03 2.548693446166981971e-02 1.413379814339602580e-01 9.225776956348507838e+02
2.021418616220701551e+03 2.493598127857567931e-02 1.425110775049313050e-01 9.110106852326283615e+02
2.021472317694599269e+03 2.438069580135357461e-02 1.436594222990776604e-01 8.995983710457076086e+02
2.021526019168496987e+03 2.382128692331979616e-02 1.447834785705492122e-01 8.883351108289597278e+02
2.021579720642394705e+03 2.325795358065718688e-02 1.458836901557957200e-01 8.772155237296155974e+02
2.021633422116292422e+03 2.269088540855702593e-02 1.469604830207498491e-01 8.662344744239093188e+02
2.021687123590190140e+03 2.212026334477809261e-02 1.480142662333085446e-01 8.553870584897356366e+02
2.021740825064087858e+03 2.154626018565397247e-02 1.490454328677273121e-01 8.446685888811664427e+02
2.021794526537985575e+03 2.096904109900775762e-02 1.500543608468050960e-01 8.340745833825793625e+02
2.021848228011883293e+03 2.038876409794449993e-02 1.510414137270860435e-01 8.236007529314819067e+02
2.021901929485781011e+03 1.980558047905979502e-02 1.520069414317344048e-01 8.132429907110980594e+02
2.021955630959678729e+03 1.921963522822604103e-02 1.529512809352233937e-01 8.029973619284880897e+02
2.022009332433576219e+03 1.863106739679573978e-02 1.538747569035594231e-01 7.928600942116041779e+02
2.022063033907473937e+03 1.804001045075652801e-02 1.547776822934203989e-01 7.828275685768398944e+02
2.022116735381371655e+03 1.744659259517587768e-02 1.556603589132110887e-01 7.728963109352790752e+02
2.022170436855269372e+03 1.685093707596523049e-02 1.565230779489369672e-01 7.630629841146690069e+02
2.022224138329167090e+03 1.625316246088735414e-02 1.573661204574381689e-01 7.533243803795843405e+02
2.022277839803064808e+03 1.565338290150306358e-02 1.581897578294303996e-01 7.436774144301643901e+02
2.022331541276962525e+03 1.505170837760734688e-02 1.589942522245808287e-01 7.341191168562811526e+02
2.022385242750860243e+03 1.444824492556770652e-02 1.597798569806863078e-01 7.246466280201292420e+02
2.022438944224757961e+03 1.384309485183986624e-02 1.605468169988442662e-01 7.152571923375221559e+02
2.022492645698655679e+03 1.323635693282205518e-02 1.612953691063551687e-01 7.059481529274535205e+02
2.022546347172553169e+03 1.262812660210664746e-02 1.620257423989364398e-01 6.967169466003527987e+02
2.022600048646450887e+03 1.201849612607410606e-02 1.627381585637175110e-01 6.875610991569660655e+02
2.022653750120348604e+03 1.140755476874147703e-02 1.634328321842915266e-01 6.784782209728871294e+02
2.022707451594246322e+03 1.079538894661612181e-02 1.641099710290996050e-01 6.694660028447893865e+02
2.022761153068144040e+03 1.018208237432021053e-02 1.647697763242081115e-01 6.605222120778429371e+02
2.022814854542041758e+03 9.567716201641169455e-03 1.654124430115178901e-01 6.516446887950567088e+02
2.022868556015939475e+03 8.952369142622238624e-03 1.660381599933375141e-01 6.428313424512977008e+02
2.022922257489837193e+03 8.336117597255761000e-03 1.666471103641799512e-01 6.340801485364386281e+02
2.022975958963734911e+03 7.719035766295213874e-03 1.672394716305745099e-01 6.253891454537191521e+02
2.023029660437632629e+03 7.101195759663420960e-03 1.678154159196303397e-01 6.167564315610311496e+02
2.023083361911530346e+03 6.482667698891472589e-03 1.683751101770238623e-01 6.081801623642888899e+02
2.023137063385427837e+03 5.863519813999074071e-03 1.689187163550414095e-01 5.996585478535164384e+02
2.023190764859325554e+03 5.243818535171171184e-03 1.694463915912743646e-01 5.911898499731112224e+02
2.023244466333223272e+03 4.623628579616946739e-03 1.699582883784778453e-01 5.827723802194257132e+02
2.023298167807120990e+03 4.003013033875311120e-03 1.704545547261485661e-01 5.744044973581428621e+02
2.023351869281018708e+03 3.382033431905358267e-03 1.709353343142673287e-01 5.660846052556958057e+02
2.023405570754916425e+03 2.760749829216966201e-03 1.714007666396601959e-01 5.578111508184032346e+02
2.023459272228814143e+03 2.139220873299738351e-03 1.718509871554015078e-01 5.495826220335003427e+02
2.023512973702711861e+03 1.517503870584549020e-03 1.722861274036410484e-01 5.413975461063074590e+02
2.023566675176609579e+03 8.956548501580395213e-04 1.727063151422283671e-01 5.332544876879881031e+02
2.023620376650507296e+03 2.737286244327281188e-04 1.731116744654681572e-01 5.251520471884987273e+02
2.023674078124404787e+03 -3.482211530370375903e-04 1.735023259193319567e-01 5.170888591695719469e+02
2.023727779598302504e+03 -9.701419324301921877e-04 1.738783866114278209e-01 5.090635908126547520e+02
2.023781481072200222e+03 -1.591982215024319563e-03 1.742399703159859259e-01 5.010749404576417874e+02
2.023835182546097940e+03 -2.213691502949237215e-03 1.745871875741525359e-01 4.931216362073778328e+02
2.023888884019995658e+03 -2.835220251147907867e-03 1.749201457898122980e-01 4.852024345943552817e+02
2.023942585493893375e+03 -3.456519821426165279e-03 1.752389493211748972e-01 4.773161193056109255e+02
2.023996286967791093e+03 -4.077542438465484378e-03 1.755436995683423984e-01 4.694614999622957612e+02
2.024049988441688811e+03 -4.698241147679037104e-03 1.758344950570540910e-01 4.616374109506630248e+02
2.024103689915586529e+03 -5.318569774806861453e-03 1.761114315187998214e-01 4.538427103013264059e+02
2.024157391389484246e+03 -5.938482887142802931e-03 1.763746019674756471e-01 4.460762786139960099e+02
2.024211092863381964e+03 -6.557935756299898555e-03 1.766240967727509548e-01 4.383370180249712007e+02
2.024264794337279454e+03 -7.176884322420722627e-03 1.768600037303009465e-01 4.306238512149268445e+02
2.024318495811177172e+03 -7.795285159764141041e-03 1.770824081290554020e-01 4.229357204544496653e+02
2.024372197285074890e+03 -8.413095443548446878e-03 1.772913928155896157e-01 4.152715866856153752e+02
2.024425898758972608e+03 -9.030272918028745682e-03 1.774870382558069726e-01 4.076304286368927592e+02
2.024479600232870325e+03 -9.646775865698852676e-03 1.776694225940189942e-01 4.000112419698949111e+02
2.024533301706768043e+03 -1.026256307756720845e-02 1.778386217095469790e-01 3.924130384559649656e+02
2.024587003180665761e+03 -1.087759382443781279e-02 1.779947092709524559e-01 3.848348451809217750e+02
2.024640704654563478e+03 -1.149182782914212435e-02 1.781377567879964818e-01 3.772757037762720529e+02
2.024694406128461196e+03 -1.210522523966135397e-02 1.782678336614313963e-01 3.697346696753933770e+02
2.024748107602358914e+03 -1.271774660308723146e-02 1.783850072307085755e-01 3.622108113931990943e+02
2.024801809076256404e+03 -1.332935284036801220e-02 1.784893428196950571e-01 3.547032098279301522e+02
2.024855510550154122e+03 -1.394000522180829059e-02 1.785809037804805544e-01 3.472109575835465876e+02
2.024909212024051840e+03 -1.454966534323573826e-02 1.786597515353443022e-01 3.397331583119504899e+02
2.024962913497949557e+03 -1.515829510284634821e-02 1.787259456169672522e-01 3.322689260731841046e+02
2.025016614971847275e+03 -1.576585667864590853e-02 1.787795437069486792e-01 3.248173847129356204e+02
2.025070316445744993e+03 -1.637231250646512329e-02 1.788206016726974767e-01 3.173776672560595671e+02
2.025124017919642711e+03 -1.697762525850711121e-02 1.788491736027567613e-01 3.099489153150881862e+02
2.025177719393540428e+03 -1.758175782239275453e-02 1.788653118406235698e-01 3.025302785127153697e+02
2.025231420867438146e+03 -1.818467328066877484e-02 1.788690670171168839e-01 2.951209139172857476e+02
2.025285122341335864e+03 -1.878633489074548607e-02 1.788604880813445541e-01 2.877199854903458345e+02
2.025338823815233582e+03 -1.938670606523412721e-02 1.788396223303234667e-01 2.803266635453406934e+02
2.025392525289131072e+03 -1.998575035264849378e-02 1.788065154372932841e-01 2.729401242166421753e+02
2.025446226763028790e+03 -2.058343141845897853e-02 1.787612114787719142e-01 2.655595489378447951e+02
2.025499928236926507e+03 -2.117971302643223419e-02 1.787037529603937580e-01 2.581841239289931309e+02
2.025553629710824225e+03 -2.177455902027887816e-02 1.786341808415698729e-01 2.508130396913261109e+02
2.025607331184721943e+03 -2.236793330554663964e-02 1.785525345590041890e-01 2.434454905092138119e+02
2.025661032658619661e+03 -2.295979983174702838e-02 1.784588520491074970e-01 2.360806739583707667e+02
2.025714734132517378e+03 -2.355012257468959772e-02 1.783531697693328810e-01 2.287177904196094005e+02
2.025768435606415096e+03 -2.413886551899806915e-02 1.782355227184738711e-01 2.213560425974475550e+02
2.025822137080312814e+03 -2.472599264078583978e-02 1.781059444559455474e-01 2.139946350428371318e+02
2.025875838554210532e+03 -2.531146789046816170e-02 1.779644671200817097e-01 2.066327736793243730e+02
2.025929540028108022e+03 -2.589525517568382409e-02 1.778111214454732025e-01 1.992696653320099074e+02
2.025983241502005740e+03 -2.647731834432257708e-02 1.776459367793659094e-01 1.919045172583989824e+02
2.026036942975903457e+03 -2.705762116759480307e-02 1.774689410971530823e-01 1.845365366810020760e+02
2.026090644449801175e+03 -2.763612732317625650e-02 1.772801610169708053e-01 1.771649303203342356e+02
2.026144345923698893e+03 -2.821280037836531099e-02 1.770796218134214062e-01 1.697889039281666612e+02
2.026198047397596611e+03 -2.878760377324901878e-02 1.768673474304459092e-01 1.624076618201630993e+02
2.026251748871494328e+03 -2.936050080385314842e-02 1.766433604933586587e-01 1.550204064072734127e+02
2.026305450345392046e+03 -2.993145460525708026e-02 1.764076823200608213e-01 1.476263377252151656e+02
2.026359151819289764e+03 -3.050042813465013436e-02 1.761603329314498367e-01 1.402246529614013468e+02
2.026412853293187482e+03 -3.106738415431085573e-02 1.759013310610318959e-01 1.328145459786084928e+02
