2.010356112597776246e+03 -3.044422001340214151e-02 1.761885067216296119e-01 1.360035886926012267e+02
2.010409814071673964e+03 -3.101002135813021518e-02 1.759228689391131584e-01 1.285948555398841791e+02
2.010463515545571681e+03 -3.157377153591083702e-02 1.756455947113182703e-01 1.211763144134263968e+02
2.010517217019469399e+03 -3.213543270350890241e-02 1.753566993213148684e-01 1.137471488560134389e+02
2.010570918493367117e+03 -3.269496676267063390e-02 1.750561967921175077e-01 1.063065372873509631e+02
2.010624619967264834e+03 -3.325233534246409273e-02 1.747440998927173861e-01 9.885365250408680993e+01
2.010678321441162325e+03 -3.380749978142048862e-02 1.744204201433765256e-01 9.138766117261718591e+01
2.010732022915060043e+03 -3.436042110946869316e-02 1.740851678201833230e-01 8.390772331373997872e+01
2.010785724388957760e+03 -3.491106002960438215e-02 1.737383519588903136e-01 7.641299177884604887e+01
2.010839425862855478e+03 -3.545937689931897424e-02 1.733799803580183818e-01 6.890261171623605208e+01
2.010893127336753196e+03 -3.600533171172812935e-02 1.730100595812424646e-01 6.137572002720789754e+01
2.010946828810650914e+03 -3.654888407639082099e-02 1.726285949590596613e-01 5.383144481088694988e+01
2.011000530284548631e+03 -3.708999319979226078e-02 1.722355905897370587e-01 4.626890479694838376e+01
2.011054231758446349e+03 -3.762861786546342624e-02 1.718310493395414085e-01 3.868720876534000297e+01
2.011107933232344067e+03 -3.816471641371314838e-02 1.714149728422502961e-01 3.108545495205786580e+01
2.011161634706241784e+03 -3.869824672094441392e-02 1.709873614979391943e-01 2.346273043999318375e+01
2.011215336180139275e+03 -3.922916617852525989e-02 1.705482144710484815e-01 1.581811053388475408e+01
2.011269037654036993e+03 -3.975743167119959176e-02 1.700975296877108023e-01 8.150658118096382410e+00
2.011322739127934710e+03 -4.028299955497219309e-02 1.696353038323616391e-01 4.594229966321612402e-01
2.011376440601832428e+03 -4.080582563448483663e-02 1.691615323435937956e-01 -7.256558786444281317e+00
2.011430142075730146e+03 -4.132586513981514192e-02 1.686762094092708053e-01 -1.499826564688845565e+01
2.011483843549627863e+03 -4.184307270267975665e-02 1.681793279608847780e-01 -2.276669118192858932e+01
2.011537545023525581e+03 -4.235740233200369770e-02 1.676708796671464163e-01 -3.056284491497547506e+01
2.011591246497423299e+03 -4.286880738882026948e-02 1.671508549268001798e-01 -3.838775306480503957e+01
2.011644947971321017e+03 -4.337724056046345089e-02 1.666192428606518283e-01 -4.624245934065501729e+01
2.011698649445218734e+03 -4.388265383401222103e-02 1.660760313027927759e-01 -5.412802576480982708e+01
2.011752350919116452e+03 -4.438499846894732731e-02 1.655212067910120100e-01 -6.204553352427569735e+01
2.011806052393013942e+03 -4.488422496897249286e-02 1.649547545563762041e-01 -6.999608385324414428e+01
2.011859753866911660e+03 -4.538028305296930298e-02 1.643766585119530721e-01 -7.798079894834998527e+01
2.011913455340809378e+03 -4.587312162500484236e-02 1.637869012406901748e-01 -8.600082291812944391e+01
2.011967156814707096e+03 -4.636268874338507484e-02 1.631854639823852315e-01 -9.405732276938000780e+01
2.012020858288604813e+03 -4.684893158866900581e-02 1.625723266197599826e-01 -1.021514894320566214e+02
2.012074559762502531e+03 -4.733179643060181352e-02 1.619474676636047661e-01 -1.102845388251692782e+02
2.012128261236400249e+03 -4.781122859390422170e-02 1.613108642369645573e-01 -1.184577129660446246e+02
2.012181962710297967e+03 -4.828717242285954225e-02 1.606624920583487326e-01 -1.266722811255177703e+02
2.012235664184195684e+03 -4.875957124463090042e-02 1.600023254239304193e-01 -1.349295410317385233e+02
2.012289365658093402e+03 -4.922836733124189013e-02 1.593303371887083708e-01 -1.432308201254776634e+02
2.012343067131990892e+03 -4.969350186014530324e-02 1.586464987466043031e-01 -1.515774768699491517e+02
2.012396768605888610e+03 -5.015491487331579651e-02 1.579507800094396563e-01 -1.599709021186094731e+02
2.012450470079786328e+03 -5.061254523475625794e-02 1.572431493848047146e-01 -1.684125205438698458e+02
2.012504171553684046e+03 -5.106633058637034817e-02 1.565235737527205240e-01 -1.769037921311020227e+02
2.012557873027581763e+03 -5.151620730208326254e-02 1.557920184410993836e-01 -1.854462137413516700e+02
2.012611574501479481e+03 -5.196211044012451902e-02 1.550484471999410696e-01 -1.940413207471574992e+02
2.012665275975377199e+03 -5.240397369336896594e-02 1.542928221742231598e-01 -2.026906887459223015e+02
2.012718977449274917e+03 -5.284172933762899815e-02 1.535251038754375241e-01 -2.113959353556127212e+02
2.012772678923172634e+03 -5.327530817778152600e-02 1.527452511517218836e-01 -2.201587220979045583e+02
2.012826380397070352e+03 -5.370463949160855094e-02 1.519532211565290947e-01 -2.289807563742519108e+02
2.012880081870968070e+03 -5.412965097122045266e-02 1.511489693157808123e-01 -2.378637935407165855e+02
2.012933783344865560e+03 -5.455026866192227986e-02 1.503324492934451362e-01 -2.468096390878089608e+02
2.012987484818763278e+03 -5.496641689838606404e-02 1.495036129554514204e-01 -2.558201509322759364e+02
2.013041186292660996e+03 -5.537801823794540057e-02 1.486624103319293400e-01 -2.648972418274890970e+02
2.013094887766558713e+03 -5.578499339087913955e-02 1.478087895776236116e-01 -2.740428819009068775e+02
2.013148589240456431e+03 -5.618726114748052308e-02 1.469426969304651609e-01 -2.832591013263717059e+02
2.013202290714354149e+03 -5.658473830172901925e-02 1.460640766681933489e-01 -2.925479931403714318e+02
2.013255992188251867e+03 -5.697733957135913546e-02 1.451728710629421049e-01 -3.019117162118384954e+02
2.013309693662149584e+03 -5.736497751410871843e-02 1.442690203337028687e-01 -3.113524983758044300e+02
2.013363395136047302e+03 -5.774756243991034654e-02 1.433524625965635901e-01 -3.208726397420274452e+02
2.013417096609945020e+03 -5.812500231877670842e-02 1.424231338126179802e-01 -3.304745161905905775e+02
2.013470798083842510e+03 -5.849720268410762980e-02 1.414809677334416815e-01 -3.401605830673218520e+02
2.013524499557740228e+03 -5.886406653114106130e-02 1.405258958439918049e-01 -3.499333790932745387e+02
2.013578201031637946e+03 -5.922549421021252453e-02 1.395578473028655231e-01 -3.597955305026932251e+02
2.013631902505535663e+03 -5.958138331452303427e-02 1.385767488797055580e-01 -3.697497554266272459e+02
2.013685603979433381e+03 -5.993162856203174127e-02 1.375825248896717923e-01 -3.797988685392148227e+02
2.013739305453331099e+03 -6.027612167109733243e-02 1.365750971248044787e-01 -3.899457859860457916e+02
2.013793006927228816e+03 -6.061475122945137600e-02 1.355543847821266412e-01 -4.001935306153307010e+02
2.013846708401126534e+03 -6.094740255605410328e-02 1.345203043883110572e-01 -4.105452375344731308e+02
2.013900409875024252e+03 -6.127395755534890270e-02 1.334727697207392372e-01 -4.210041600165767477e+02
2.013954111348921970e+03 -6.159429456339269443e-02 1.324116917247512015e-01 -4.315736757836739343e+02
2.014007812822819687e+03 -6.190828818529670735e-02 1.313369784268899054e-01 -4.422572936957996035e+02
2.014061514296717178e+03 -6.221580912336274055e-02 1.302485348439207935e-01 -4.530586608777093716e+02
2.014115215770614896e+03 -6.251672399526116142e-02 1.291462628873689122e-01 -4.639815703182941320e+02
2.014168917244512613e+03 -6.281089514150976771e-02 1.280300612633914203e-01 -4.750299689800448846e+02
2.014222618718410331e+03 -6.309818042149908934e-02 1.268998253676309196e-01 -4.862079664611218277e+02
2.014276320192308049e+03 -6.337843299719446433e-02 1.257554471748296987e-01 -4.975198442550322397e+02
2.014330021666205766e+03 -6.365150110359828195e-02 1.245968151228772636e-01 -5.089700656582863303e+02
2.014383723140103484e+03 -6.391722780496447709e-02 1.234238139909676624e-01 -5.205632863810797062e+02
2.014437424614001202e+03 -6.417545073566591207e-02 1.222363247715176765e-01 -5.323043659215981052e+02
2.014491126087898920e+03 -6.442600182451579949e-02 1.210342245354714963e-01 -5.441983797707114263e+02
2.014544827561796637e+03 -6.466870700123106275e-02 1.198173862905927145e-01 -5.562506325207100417e+02
2.014598529035694355e+03 -6.490338588360165806e-02 1.185856788323067512e-01 -5.684666719595034010e+02
2.014652230509591845e+03 -6.512985144379127012e-02 1.173389665866422793e-01 -5.808523042402434839e+02
2.014705931983489563e+03 -6.534790965204786972e-02 1.160771094447383134e-01 -5.934136102264935744e+02
2.014759633457387281e+03 -6.555735909590969246e-02 1.147999625884578434e-01 -6.061569631228775279e+02
2.014813334931284999e+03 -6.575799057283668314e-02 1.135073763064317204e-01 -6.190890475152250474e+02
2.014867036405182716e+03 -6.594958665394977382e-02 1.121991957999830397e-01 -6.322168799562770118e+02
2.014920737879080434e+03 -6.613192121633910958e-02 1.108752609782336918e-01 -6.455478312495476985e+02
2.014974439352978152e+03 -6.630475894113092850e-02 1.095354062416760144e-01 -6.590896506010049052e+02
2.015028140826875870e+03 -6.646785477420003030e-02 1.081794602534284916e-01 -6.728504918277877778e+02
2.015081842300773587e+03 -6.662095334607658070e-02 1.068072456973355594e-01 -6.868389418350141113e+02
2.015135543774671305e+03 -6.676378834721656552e-02 1.054185790220095176e-01 -7.010640515962336394e+02
2.015189245248568795e+03 -6.689608185437496968e-02 1.040132701698443934e-01 -7.155353699005768249e+02
2.015242946722466513e+03 -6.701754360333822547e-02 1.025911222899218711e-01 -7.302629801610555660e+02
2.015296648196364231e+03 -6.712787020271562821e-02 1.011519314337769732e-01 -7.452575406124723258e+02
2.015350349670261949e+03 -6.722674428288931414e-02 9.969548623270338417e-02 -7.605303282697827854e+02
2.015404051144159666e+03 -6.731383357349381147e-02 9.822156755540170647e-02 -7.760932870621418260e+02
2.015457752618057384e+03 -6.738878990201371821e-02 9.672994814456772894e-02 -7.919590806131911904e+02
2.015511454091955102e+03 -6.745124810516175962e-02 9.522039223095896121e-02 -8.081411502011266066e+02
2.015565155565852820e+03 -6.750082484365581281e-02 9.369265512338117996e-02 -8.246537785065585240e+02
2.015618857039750537e+03 -6.753711730980756223e-02 9.214648277293120693e-02 -8.415121598437269768e+02
2.015672558513648255e+03 -6.755970181594338209e-02 9.058161130971625896e-02 -8.587324776735156320e+02
2.015726259987545973e+03 -6.756813225007500534e-02 8.899776655015546878e-02 -8.763319903171068290e+02
2.015779961461443463e+03 -6.756193838336831126e-02 8.739466347284548242e-02 -8.943291259298283649e+02
2.015833662935341181e+03 -6.754062401179593278e-02 8.577200566079359878e-02 -9.127435879597763915e+02
2.015887364409238899e+03 -6.750366491182799300e-02 8.412948470783088162e-02 -9.315964725066028222e+02
2.015941065883136616e+03 -6.745050658706380764e-02 8.246677958664708208e-02 -9.509103992245821928e+02
2.015994767357034334e+03 -6.738056177923947010e-02 8.078355597600694882e-02 -9.707096576781714248e+02
2.016048468830932052e+03 -6.729320771297384041e-02 7.907946554446133869e-02 -9.910203713765835118e+02
2.016102170304829770e+03 -6.718778303880140745e-02 7.735414518783681470e-02 -1.011870682091243452e+03
2.016155871778727487e+03 -6.706358443334106689e-02 7.560721621775372270e-02 -1.033290957512748037e+03
2.016209573252625205e+03 -6.691986280866776826e-02 7.383828349844871741e-02 -1.055314025847841549e+03
2.016263274726522923e+03 -6.675581907485689248e-02 7.204693452930818753e-02 -1.077975441611012911e+03
2.016316976200420413e+03 -6.657059938996338910e-02 7.023273847077850240e-02 -1.101313787652172778e+03
2.016370677674318131e+03 -6.636328982001359067e-02 6.839524511172327681e-02 -1.125371019409049040e+03
2.016424379148215849e+03 -6.613291031749451987e-02 6.653398377718865164e-02 -1.150192858510101587e+03
2.016478080622113566e+03 -6.587840790969548554e-02 6.464846217640803083e-02 -1.175829244232898191e+03
2.016531782096011284e+03 -6.559864896745898344e-02 6.273816519285066451e-02 -1.202334852992463311e+03
2.016585483569909002e+03 -6.529241039940597569e-02 6.080255362044718892e-02 -1.229769698094316027e+03
2.016639185043806719e+03 -6.495836958536231609e-02 5.884106285373966877e-02 -1.258199824553801591e+03
2.016692886517704437e+03 -6.459509282388789519e-02 5.685310154469096211e-02 -1.287698117029334981e+03
2.016746587991602155e+03 -6.420102202036881422e-02 5.483805024581048237e-02 -1.318345243058389087e+03
2.016800289465499873e+03 -6.377445928122364716e-02 5.279526006879330102e-02 -1.350230759088344712e+03
2.016853990939397590e+03 -6.331354900260162399e-02 5.072405140101511611e-02 -1.383454413586947339e+03
2.016907692413295081e+03 -6.281625694345056854e-02 4.862371274045931835e-02 -1.418127690216221708e+03
2.016961393887192799e+03 -6.228034564615272245e-02 4.649349973504842554e-02 -1.454375645224133223e+03
2.017015095361090516e+03 -6.170334540382983041e-02 4.433263454839878048e-02 -1.492339107635732717e+03
2.017068796834988234e+03 -6.108251975884376739e-02 4.214030572460795987e-02 -1.532177329639464460e+03
2.017122498308885952e+03 -6.041482423417735698e-02 3.991566879778106480e-02 -1.574071199308684982e+03
2.017176199782783669e+03 -5.969685662241294710e-02 3.765784799674627703e-02 -1.618227160646509446e+03
2.017229901256681387e+03 -5.892479664939904993e-02 3.536593954809751084e-02 -1.664882029828027044e+03
2.017283602730579105e+03 -5.809433213811536489e-02 3.303901730513318646e-02 -1.714308955453191629e+03
2.017337304204476823e+03 -5.720056784453870363e-02 3.067614176433432205e-02 -1.766824850092628822e+03
2.017391005678374540e+03 -5.623791180497084846e-02 2.827637403517989367e-02 -1.822799727970998674e+03
2.017444707152272031e+03 -5.519993214656099961e-02 2.583879710126061810e-02 -1.882668529888881039e+03
2.017498408626169748e+03 -5.407917459608593824e-02 2.336254791231946043e-02 -1.946946216271294816e+03
2.017552110100067466e+03 -5.286692694418821531e-02 2.084686575059018290e-02 -2.016247182337108597e+03
2.017605811573965184e+03 -5.155291078469275562e-02 1.829116539015103807e-02 -2.091310418828543334e+03
2.017659513047862902e+03 -5.012487180089501143e-02 1.569514865264877782e-02 -2.173032324954207525e+03
2.017713214521760619e+03 -4.856802577223424955e-02 1.305897658878374216e-02 -2.262509662193742315e+03
2.017766915995658337e+03 -4.686429497418978518e-02 1.038353958793006640e-02 -2.361095692992852037e+03
2.017820617469556055e+03 -4.499123279420008670e-02 7.670889942881765032e-03 -2.470472614789763611e+03
2.017874318943453773e+03 -4.292047234647702880e-02 4.924952445242758263e-03 -2.592741508999384678e+03
2.017928020417351490e+03 -4.061542739234746263e-02 2.152728464390915065e-03 -2.730522678159087718e+03
2.017981721891249208e+03 -3.802778253058036739e-02 -6.335859422712746642e-04 -2.887030526982847277e+03
2.018035423365146698e+03 -3.509196197262921119e-02 -3.412702501129507779e-03 -3.065993399038540247e+03
2.018089124839044416e+03 -3.171613626086323967e-02 -6.146673243087563167e-03 -3.270978453550847917e+03
2.018142826312942134e+03 -2.776727527956319996e-02 -8.765246271477495840e-03 -3.502604185988187510e+03
2.018196527786839852e+03 -2.304673774695522454e-02 -1.113123761630881517e-02 -3.748150839240165169e+03
2.018250229260737569e+03 -1.725763562017063740e-02 -1.295955998701267022e-02 -3.943109951660474962e+03
2.018303930734635287e+03 -1.001697034222304161e-02 -1.363683927434397765e-02 -3.840777272018887288e+03
2.018357632208533005e+03 -1.236389186798142123e-03 -1.203109831532054967e-02 -2.825620123911330211e+03
2.018411333682430723e+03 7.778762179121704277e-03 -7.364587976454059666e-03 -8.661537169059657799e+02
2.018465035156328440e+03 1.510072511862048904e-02 -8.851427747452279360e-04 6.396298669388993403e+02
2.018518736630226158e+03 2.045516060809371081e-02 5.817802029338991696e-03 1.369562928806117498e+03
2.018572438104123648e+03 2.439166433652055141e-02 1.215769094851343497e-02 1.689476915950155899e+03
2.018626139578021366e+03 2.737645912700458276e-02 1.803929990792564608e-02 1.826175379262373781e+03
2.018679841051919084e+03 2.970395837091347260e-02 2.349521638054671152e-02 1.878324474554669223e+03
2.018733542525816802e+03 3.155739412614124578e-02 2.858004538014024404e-02 1.889098910251396092e+03
2.018787243999714519e+03 3.305512909784794756e-02 3.334498243660617006e-02 1.878667176773199344e+03
2.018840945473612237e+03 3.427702506464706117e-02 3.783306904998417347e-02 1.857094753811534019e+03
2.018894646947509955e+03 3.527915167287000442e-02 4.207952267683694875e-02 1.829689758828036474e+03
2.018948348421407673e+03 3.610224578991896860e-02 4.611308782260458566e-02 1.799373656248029647e+03
2.019002049895305390e+03 3.677677792039551335e-02 4.995737171426690298e-02 1.767804716671336564e+03
2.019055751369203108e+03 3.732610993479840850e-02 5.363194202850908587e-02 1.735942486089504428e+03
2.019109452843100826e+03 3.776853598465568923e-02 5.715318106490038796e-02 1.704345960316520177e+03
2.019163154316998316e+03 3.811864488388993361e-02 6.053493994380344106e-02 1.673337919286933811e+03
2.019216855790896034e+03 3.838825582839881789e-02 6.378903923390774611e-02 1.643098798139581049e+03
2.019270557264793752e+03 3.858707742675763358e-02 6.692565422021104493e-02 1.613721944585959363e+03
2.019324258738691469e+03 3.872318228659724776e-02 6.995361389869370061e-02 1.585246970469188454e+03
2.019377960212589187e+03 3.880335558456904366e-02 7.288063522516448345e-02 1.557680298431060919e+03
2.019431661686486905e+03 3.883335562227323290e-02 7.571350842587135088e-02 1.531008028160930508e+03
2.019485363160384622e+03 3.881811168467503431e-02 7.845824499362123727e-02 1.505204093535595575e+03
2.019539064634282340e+03 3.876187643600274152e-02 8.112019696832399596e-02 1.480235478431736055e+03
2.019592766108180058e+03 3.866834481854908995e-02 8.370415391481189626e-02 1.456065566574631248e+03
2.019646467582077776e+03 3.854074790964152203e-02 8.621442242235380360e-02 1.432656292068707444e+03
2.019700169055975493e+03 3.838192780800133569e-02 8.865489178695552808e-02 1.409969510666404631e+03
2.019753870529872984e+03 3.819439797286354465e-02 9.102908867842250673e-02 1.387967860320069121e+03
2.019807572003770701e+03 3.798039228206937651e-02 9.334022295472965691e-02 1.366615284982485036e+03
2.019861273477668419e+03 3.774190525098274074e-02 9.559122630634500628e-02 1.345877335704395364e+03
2.019914974951566137e+03 3.748072525886003703e-02 9.778478505089596706e-02 1.325721324558162905e+03
2.019968676425463855e+03 3.719846219422023870e-02 9.992336812189930861e-02 1.306116381813090811e+03
2.020022377899361572e+03 3.689657060890895457e-02 1.020092510831930449e-01 1.287033450211576564e+03
2.020076079373259290e+03 3.657636922990005479e-02 1.040445368361953699e-01 1.268445239144168227e+03
2.020129780847157008e+03 3.623905749607925220e-02 1.060311735587732285e-01 1.250326154104856641e+03
2.020183482321054726e+03 3.588572964864012588e-02 1.079709703136524368e-01 1.232652211817580110e+03
2.020237183794952443e+03 3.551738679711473334e-02 1.098656106845754266e-01 1.215400948063727810e+03
2.020290885268849934e+03 3.513494730040948172e-02 1.117166647350613384e-01 1.198551322967769238e+03
2.020344586742747651e+03 3.473925573762256386e-02 1.135255995340600371e-01 1.182083626942327783e+03
2.020398288216645369e+03 3.433109069260019408e-02 1.152937884519211059e-01 1.165979389408387078e+03
2.020451989690543087e+03 3.391117153578995097e-02 1.170225193973858935e-01 1.150221291626199445e+03
2.020505691164440805e+03 3.348016435475960340e-02 1.187130021390892520e-01 1.134793084411357540e+03
2.020559392638338522e+03 3.303868715876870366e-02 1.203663748330313366e-01 1.119679511103808863e+03
2.020613094112236240e+03 3.258731446178330521e-02 1.219837098590299956e-01 1.104866235875292432e+03
2.020666795586133958e+03 3.212658133121941428e-02 1.235660190538514086e-01 1.090339777273186428e+03
2.020720497060031676e+03 3.165698697571225906e-02 1.251142584159022353e-01 1.076087446783159066e+03
2.020774198533929393e+03 3.117899793371647563e-02 1.266293323456305076e-01 1.062097292128882600e+03
2.020827900007827111e+03 3.069305091525922555e-02 1.281120974767580578e-01 1.048358044997488378e+03
2.020881601481724601e+03 3.019955534131691863e-02 1.295633661458621411e-01 1.034859072871885246e+03
2.020935302955622319e+03 2.969889561873789025e-02 1.309839095414450927e-01 1.021590334655838888e+03
2.020989004429520037e+03 2.919143318322098279e-02 1.323744605680657327e-01 1.008542339791293784e+03
2.021042705903417755e+03 2.867750833821030437e-02 1.337357164566932710e-01 9.957061105814032089e+02
2.021096407377315472e+03 2.815744191378874092e-02 1.350683411482787866e-01 9.830731474525083513e+02
2.021150108851213190e+03 2.763153676635429767e-02 1.363729674742968911e-01 9.706353969056755204e+02
2.021203810325110908e+03 2.710007913711824298e-02 1.376501991550539428e-01 9.583852219277400764e+02
2.021257511799008626e+03 2.656333988511615923e-02 1.389006126340729674e-01 9.463153746507940696e+02
2.021311213272906343e+03 2.602157560841583672e-02 1.401247587647018733e-01 9.344189710678514302e+02
2.021364914746804061e+03 2.547502966549814590e-02 1.413231643632306689e-01 9.226894676308156704e+02
2.021418616220701551e+03 2.492393310731034345e-02 1.424963336411773362e-01 9.111206395741236292e+02
2.021472317694599269e+03 2.436850552921354315e-02 1.436447495280374909e-01 8.997065608230685712e+02
2.021526019168496987e+03 2.380895585099934014e-02 1.447688748944659098e-01 8.884415853609680198e+02
2.021579720642394705e+03 2.324548303211919006e-02 1.458691536849646420e-01 8.773203299398174977e+02
2.021633422116292422e+03 2.267827672853325871e-02 1.469460119680489618e-01 8.663376580312772148e+02
2.021687123590190140e+03 2.210751789681500087e-02 1.479998589111388152e-01 8.554886649224837356e+02
2.021740825064087858e+03 2.153337935053990793e-02 1.490310876866658696e-01 8.447686638690273639e+02
2.021794526537985575e+03 2.095602627343663704e-02 1.500400763152475170e-01 8.341731732238680479e+02
2.021848228011883293e+03 2.037561669329301245e-02 1.510271884512036922e-01 8.236979044667345988e+02
2.021901929485781011e+03 1.979230192019121315e-02 1.519927741151830825e-01 8.133387510640111486e+02
2.021955630959678729e+03 1.920622695226792756e-02 1.529371703782080039e-01 8.030917780941610999e+02
2.022009332433576219e+03 1.861753085187045284e-02 1.538607020010337445e-01 7.929532125786899996e+02
2.022063033907473937e+03 1.802634709467186569e-02 1.547636820323840812e-01 7.829194344630403748e+02
2.022116735381371655e+03 1.743280389409785150e-02 1.556464123692093138e-01 7.729869681971300679e+02
2.022170436855269372e+03 1.683702450310759283e-02 1.565091842819596735e-01 7.631524748680324137e+02
2.022224138329167090e+03 1.623912749525014201e-02 1.573522789074678352e-01 7.534127448426703495e+02
2.022277839803064808e+03 1.563922702668506248e-02 1.581759677118783070e-01 7.437646908812022275e+02
2.022331541276962525e+03 1.503743308071543543e-02 1.589805129258204663e-01 7.342053416854387251e+02
2.022385242750860243e+03 1.443385169622974327e-02 1.597661679538406043e-01 7.247318358496257815e+02
2.022438944224757961e+03 1.382858518132330621e-02 1.605331777599287024e-01 7.153414161837588381e+02
2.022492645698655679e+03 1.322173231325553776e-02 1.612817792308254283e-01 7.060314243821270566e+02
2.022546347172553169e+03 1.261338852579472342e-02 1.620122015186538644e-01 6.967992960120792532e+02
2.022600048646450887e+03 1.200364608489437428e-02 1.627246663643064639e-01 6.876425557998678642e+02
2.022653750120348604e+03 1.139259425361334802e-02 1.634193884028496135e-01 6.785588131930621785e+02
2.022707451594246322e+03 1.078031944702976565e-02 1.640965754522018261e-01 6.695457581794415773e+02
2.022761153068144040e+03 1.016690537791506421e-02 1.647564287861459642e-01 6.606011573450975902e+02
2.022814854542041758e+03 9.552433193825510260e-03 1.653991433927134158e-01 6.517228501551581985e+02
2.022868556015939475e+03 8.936981606226614139e-03 1.660249082188733349e-01 6.429087454420548511e+02
2.022922257489837193e+03 8.320627012214783583e-03 1.666339064023987238e-01 6.341568180873989604e+02
2.022975958963734911e+03 7.703443609354474787e-03 1.672263154917122407e-01 6.254651058846154683e+02
2.023029660437632629e+03 7.085503504107542108e-03 1.678023076544564451e-01 6.168317065704519564e+02
2.023083361911530346e+03 6.466876814293381730e-03 1.683620498754738459e-01 6.082547750143855865e+02
2.023137063385427837e+03 5.847631765989114855e-03 1.689057041448415730e-01 5.997325205558117887e+02
2.023190764859325554e+03 5.227834785225793889e-03 1.694334276365596914e-01 5.912632044793901969e+02
2.023244466333223272e+03 4.607550584865942322e-03 1.699453728784194595e-01 5.828451376203565815e+02
2.023298167807120990e+03 3.986842246930201103e-03 1.704416879136046725e-01 5.744766780910107400e+02
2.023351869281018708e+03 3.365771300704080166e-03 1.709225164544696807e-01 5.661562291213551816e+02
2.023405570754916425e+03 2.744397796888579846e-03 1.713879980289602645e-01 5.578822370067385918e+02
2.023459272228814143e+03 2.122780378044212147e-03 1.718382681200806006e-01 5.496531891559470751e+02
2.023512973702711861e+03 1.500976345570083186e-03 1.722734582988017515e-01 5.414676122337431252e+02
2.023566675176609579e+03 8.790417234319340429e-04 1.726936963507681999e-01 5.333240703921152317e+02
2.023620376650507296e+03 2.570313188442738045e-04 1.730991063971443478e-01 5.252211635849771483e+02
2.023674078124404787e+03 -3.650012199015056935e-04 1.734898090099135926e-01 5.171575259613744038e+02
2.023727779598302504e+03 -9.870033483026085120e-04 1.738659213219353183e-01 5.091318243323760271e+02
2.023781481072200222e+03 -1.608923573001770331e-03 1.742275571320121841e-01 5.011427567077826666e+02
2.023835182546097940e+03 -2.230711401534895850e-03 1.745748270052628615e-01 4.931890508979038259e+02
2.023888884019995658e+03 -2.852317294284687811e-03 1.749078383690121918e-01 4.852694631771191212e+02
2.023942585493893375e+03 -3.473692618527122328e-03 1.752266956044444268e-01 4.773827770053770791e+02
2.023996286967791093e+03 -4.094789604438693262e-03 1.755315001342263870e-01 4.695278018043497923e+02
2.024049988441688811e+03 -4.715561302950905739e-03 1.758223505063012948e-01 4.617033717850363814e+02
2.024103689915586529e+03 -5.335961545341917633e-03 1.760993424740457114e-01 4.539083448238490632e+02
2.024157391389484246e+03 -5.955944904461596238e-03 1.763625690729641038e-01 4.461416013843923452e+02
2.024211092863381964e+03 -6.575466657495803759e-03 1.766121206940861887e-01 4.384020434822814991e+02
2.024264794337279454e+03 -7.194482750174788915e-03 1.768480851542262033e-01 4.306885936905671883e+02
2.024318495811177172e+03 -7.812949762359990696e-03 1.770705477632555647e-01 4.230001941832048828e+02
2.024372197285074890e+03 -8.430824874884773959e-03 1.772795913885119312e-01 4.153358058149055410e+02
2.024425898758972608e+03 -9.048065837632434869e-03 1.774752965164986263e-01 4.076944072345623340e+02
2.024479600232870325e+03 -9.664630938737688720e-03 1.776577413119777016e-01 4.000749940308334658e+02
2.024533301706768043e+03 -1.028047897486071213e-02 1.778270016745824855e-01 3.924765779078111905e+02
2.024587003180665761e+03 -1.089556922246987317e-02 1.779831512930590554e-01 3.848981858890487047e+02
2.024640704654563478e+03 -1.150986141007148862e-02 1.781262616972346946e-01 3.773388595482915093e+02
2.024694406128461196e+03 -1.212331569133319464e-02 1.782564023078151150e-01 3.697976542653138949e+02
2.024748107602358914e+03 -1.273589261904453478e-02 1.783736404841025358e-01 3.622736385054038237e+02
2.024801809076256404e+03 -1.334755311986269427e-02 1.784780415697181100e-01 3.547658931210824562e+02
2.024855510550154122e+03 -1.395825846981209838e-02 1.785696689364151268e-01 3.472735106745265625e+02
2.024909212024051840e+03 -1.456797027045279858e-02 1.786485840260542968e-01 3.397955947798725447e+02
2.024962913497949557e+03 -1.517665042572531597e-02 1.787148463908216911e-01 3.323312594635707455e+02
2.025016614971847275e+03 -1.578426111939202486e-02 1.787685137317540640e-01 3.248796285420865502e+02
2.025070316445744993e+03 -1.639076479305447837e-02 1.788096419356360323e-01 3.174398350156101856e+02
2.025124017919642711e+03 -1.699612412470015085e-02 1.788382851103337834e-01 3.100110204768125755e+02
2.025177719393540428e+03 -1.760030200774941045e-02 1.788544956186220447e-01 3.025923345335461931e+02
2.025231420867438146e+03 -1.820326153056492369e-02 1.788583241105607957e-01 2.951829342445577709e+02
2.025285122341335864e+03 -1.880496595639056037e-02 1.788498195544712954e-01 2.877819835672592603e+02
2.025338823815233582e+03 -1.940537870368948606e-02 1.788290292665635772e-01 2.803886528166397625e+02
2.025392525289131072e+03 -2.000446332684815282e-02 1.787959989392609583e-01 2.730021181344835668e+02
2.025446226763028790e+03 -2.060218349723174844e-02 1.787507726682640297e-01 2.656215609678521332e+02
2.025499928236926507e+03 -2.119850298452525400e-02 1.786933929783989794e-01 2.582461675564937877e+02
2.025553629710824225e+03 -2.179338563838432996e-02 1.786239008482861657e-01 2.508751284277313118e+02
2.025607331184721943e+03 -2.238679537032896988e-02 1.785423357338684069e-01 2.435076378985757515e+02
2.025661032658619661e+03 -2.297869613587396470e-02 1.784487355908312978e-01 2.361428935840571626e+02
2.025714734132517378e+03 -2.356905191686484852e-02 1.783431368959534635e-01 2.287800959111276597e+02
2.025768435606415096e+03 -2.415782670399680560e-02 1.782255746674109298e-01 2.214184476373943653e+02
2.025822137080312814e+03 -2.474498447949327259e-02 1.780960824840692458e-01 2.140571533739693848e+02
2.025875838554210532e+03 -2.533048919992009554e-02 1.779546925037935878e-01 2.066954191117648065e+02
2.025929540028108022e+03 -2.591430477911232239e-02 1.778014354807934128e-01 1.993324517505481879e+02
2.025983241502005740e+03 -2.649639507120250120e-02 1.776363407820341633e-01 1.919674586299452130e+02
2.026036942975903457e+03 -2.707672385369567017e-02 1.774594364027392845e-01 1.845996470621432195e+02
2.026090644449801175e+03 -2.765525481061647042e-02 1.772707489809944303e-01 1.772282238650281840e+02
2.026144345923698893e+03 -2.823195151567109429e-02 1.770703038114846695e-01 1.698523948955641174e+02
2.026198047397596611e+03 -2.880677741541666503e-02 1.768581248583756538e-01 1.624713645825688957e+02
2.026251748871494328e+03 -2.937969581241614211e-02 1.766342347673595936e-01 1.550843354582500524e+02
2.026305450345392046e+03 -2.995066984835715110e-02 1.763986548768799456e-01 1.476905076878409204e+02
2.026359151819289764e+03 -3.051966248711250260e-02 1.761514052285504672e-01 1.402890785966930594e+02
2.026412853293187482e+03 -3.108663649772483786e-02 1.758925045767829320e-01 1.328792421941176372e+02
