2.010356112597776246e+03 -3.044422001340214151e-02 1.761885067216296119e-01 1.360035886926012267e+02
2.016819999959768893e+03 -6.361564208883958849e-02 5.204949056166631449e-02 -1.361886532851177662e+03
2.016890731237302134e+03 -6.298409570339630337e-02 4.930191256910167186e-02 -1.406612163146535977e+03
2.016961462514835148e+03 -6.228683415284234220e-02 4.650294226582382673e-02 -1.453997576949438326e+03
2.017032193792368162e+03 -6.151830016929599881e-02 4.365081525619705916e-02 -1.504359249620878927e+03
2.017102925069901175e+03 -6.067213175136019349e-02 4.074366610258779026e-02 -1.558068736121812890e+03
2.017173656347434189e+03 -5.974099371831128463e-02 3.777953208212831565e-02 -1.615565281959504318e+03
2.017244387624967203e+03 -5.871636163710280965e-02 3.475636357512135177e-02 -1.677375498420269423e+03
2.017315118902500217e+03 -5.758823613367880512e-02 3.167204247916943077e-02 -1.744135608885885404e+03
2.017385850180033231e+03 -5.634477131678506528e-02 2.852442146596226649e-02 -1.816619961250823280e+03
2.017456581457566244e+03 -5.497177696172322187e-02 2.531139331671506537e-02 -1.895780821758489083e+03
2.017527312735099486e+03 -5.345203200988599829e-02 2.203100740965548490e-02 -1.982812080662558856e+03
2.017598044012632499e+03 -5.176432135706401233e-02 1.868166909564525704e-02 -2.079221976878891383e+03
2.017668775290165513e+03 -4.988206609713127793e-02 1.526249075676015463e-02 -2.186941450318415264e+03
2.017739506567698527e+03 -4.777129868271194624e-02 1.177390718602768817e-02 -2.308491478329581696e+03
2.017810237845231541e+03 -4.538755697373642040e-02 8.218783422068014557e-03 -2.447204464245369763e+03
2.017880969122764554e+03 -4.267099670456531851e-02 4.604507856035396952e-03 -2.607522893826394466e+03
2.017951700400297568e+03 -3.953828783776970612e-02 9.471189110573967817e-04 -2.795398091208318419e+03
2.018022431677830582e+03 -3.586846881657030500e-02 -2.720016387467241465e-03 -3.018511957198110849e+03
2.018093162955363823e+03 -3.147701393643966006e-02 -6.326384668825306770e-03 -3.285213323493854659e+03
2.018163894232896837e+03 -2.606579545696158240e-02 -9.714231240638011508e-03 -3.596364021979540212e+03
2.018234625510429851e+03 -1.912991804832885057e-02 -1.249647582874119714e-02 -3.898332552732803379e+03
2.018305356787962864e+03 -9.879970246136885251e-03 -1.363342705115219884e-02 -3.832934409434534700e+03
2.018376088065495878e+03 1.863455433873672422e-03 -1.079387726837069232e-02 -2.214485884249191713e+03
2.018446819343028892e+03 1.278966154908222491e-02 -3.228491058174983493e-03 2.183020488936777213e+02
2.018517550620561906e+03 2.030892045464314025e-02 5.611003022491008012e-03 1.355078754399039326e+03
2.018588281898094920e+03 2.532262417702146884e-02 1.388449679984709792e-02 1.741911232808342447e+03
2.018659013175627933e+03 2.884020813471186578e-02 2.137625049170526620e-02 1.864803656189034427e+03
2.018729744453161175e+03 3.141763776388604990e-02 2.818600285479997553e-02 1.889714321942065226e+03
2.018800475730694188e+03 3.336023753101817479e-02 3.443313581291456565e-02 1.874775256577611344e+03
2.018871207008227202e+03 3.484817453479313598e-02 4.021468672573866310e-02 1.842826950974937972e+03
2.018941938285760216e+03 3.599537516206774423e-02 4.560522604398497409e-02 1.803758489848101590e+03
2.019012669563293230e+03 3.687806543523046432e-02 5.066204497842279053e-02 1.762154902659587606e+03
2.019083400840826243e+03 3.754964643530064178e-02 5.542980508475919138e-02 1.720234702050104943e+03
2.019154132118359257e+03 3.804894130992464429e-02 5.994392297085841814e-02 1.679081874119968234e+03
2.019224863395892271e+03 3.840504040819787968e-02 6.423294904828649732e-02 1.639213053058864716e+03
2.019295594673425285e+03 3.864030801642821117e-02 6.832026865837061147e-02 1.600852422628640397e+03
2.019366325950958526e+03 3.877230781572692936e-02 7.222530218580733297e-02 1.564066950531178918e+03
2.019437057228491540e+03 3.881508416355400337e-02 7.596437241504200300e-02 1.528840660028125967e+03
2.019507788506024553e+03 3.878004764955615691e-02 7.955135486668414579e-02 1.495117392237469403e+03
2.019578519783557567e+03 3.867659796684966289e-02 8.299816318731248477e-02 1.462819424816479568e+03
2.019649251061090581e+03 3.851257064689556087e-02 8.631511397675288577e-02 1.431860297746882907e+03
2.019719982338623595e+03 3.829456644905204765e-02 8.951120973231352362e-02 1.402152607434651600e+03
2.019790713616156609e+03 3.802820079921208352e-02 9.259436641520708833e-02 1.373612049676341030e+03
2.019861444893689622e+03 3.771829130379752287e-02 9.557158859524357564e-02 1.346157996353361796e+03
2.019932176171222636e+03 3.736900251547217722e-02 9.844910966964737220e-02 1.319714685359545001e+03
2.020002907448755877e+03 3.698395905269247913e-02 1.012325049606690314e-01 1.294211906083612348e+03
2.020073638726288891e+03 3.656633664945317663e-02 1.039267881852526804e-01 1.269585641446490172e+03
2.020144370003821905e+03 3.611893382846571854e-02 1.065364880078109172e-01 1.245776540374653678e+03
2.020215101281354919e+03 3.564422959770556509e-02 1.090657111022325515e-01 1.222730047572985313e+03
2.020285832558887932e+03 3.514443045746567379e-02 1.115181948032265558e-01 1.200395637566737150e+03
2.020356563836420946e+03 3.462150926435746817e-02 1.138973521979410736e-01 1.178727712324821823e+03
2.020427295113953960e+03 3.407723808873520943e-02 1.162063125776261752e-01 1.157684395942349056e+03
2.020498026391486974e+03 3.351321457522282721e-02 1.184479527238914559e-01 1.137226971258474805e+03
2.020568757669019988e+03 3.293088431359966067e-02 1.206249245126216341e-01 1.117319791371171732e+03
2.020639488946553229e+03 3.233155963502925417e-02 1.227396783487790799e-01 1.097929602938725338e+03
2.020710220224086243e+03 3.171643558206267005e-02 1.247944834745304959e-01 1.079026238672231102e+03
2.020780951501619256e+03 3.108660428792885122e-02 1.267914485036261973e-01 1.060582142999756343e+03
2.020851682779152270e+03 3.044306649552775204e-02 1.287325363378498400e-01 1.042571484691468640e+03
2.020922414056685284e+03 2.978674157412430218e-02 1.306195775608753329e-01 1.024970317701515796e+03
2.020993145334218298e+03 2.911847627756674814e-02 1.324542825638784505e-01 1.007756359256841620e+03
2.021063876611751311e+03 2.843905220048099924e-02 1.342382515421070566e-01 9.909084627123157816e+02
2.021134607889284325e+03 2.774919246471904341e-02 1.359729841458672817e-01 9.744076864399675060e+02
2.021205339166817566e+03 2.704956798163155041e-02 1.376598900286768734e-01 9.582364561911583678e+02
2.021276070444350580e+03 2.634080234355630143e-02 1.393002954320148035e-01 9.423780893824159648e+02
2.021346801721883594e+03 2.562347626022056651e-02 1.408954496181387683e-01 9.268169816475127618e+02
2.021417532999416608e+03 2.489813154299188452e-02 1.424465309242595179e-01 9.115385210384722541e+02
2.021488264276949621e+03 2.416527461142472036e-02 1.439546520431184140e-01 8.965288343698504150e+02
2.021558995554482635e+03 2.342537949724872795e-02 1.454208640701472321e-01 8.817746700730428984e+02
2.021629726832015649e+03 2.267889085479907543e-02 1.468461621046950882e-01 8.672644123407692405e+02
2.021700458109548663e+03 2.192622662522418150e-02 1.482314902615580188e-01 8.529868938951001383e+02
2.021771189387081677e+03 2.116778013381266643e-02 1.495777444367428766e-01 8.389314392210230835e+02
2.021841920664614918e+03 2.040392208601847501e-02 1.508857754685902774e-01 8.250879728199892043e+02
2.021912651942147932e+03 1.963500238900012240e-02 1.521563921617096748e-01 8.114469806549096802e+02
2.021983383219680945e+03 1.886135179430472458e-02 1.533903640309712824e-01 7.979994424710803287e+02
2.022054114497213959e+03 1.808328335257708419e-02 1.545884235459977774e-01 7.847365904910973313e+02
2.022124845774746973e+03 1.730109370268425803e-02 1.557512678882347068e-01 7.716501521645411685e+02
2.022195577052279987e+03 1.651506445450032223e-02 1.568795623629730407e-01 7.587328702633907369e+02
2.022266308329813000e+03 1.572546333622575412e-02 1.579739426969490601e-01 7.459776094071257830e+02
2.022337039607346014e+03 1.493254513763122605e-02 1.590350162253055810e-01 7.333774831771439722e+02
2.022407770884879028e+03 1.413655262708019694e-02 1.600633634411719186e-01 7.209259314895164152e+02
2.022478502162412269e+03 1.333771740178983818e-02 1.610595395239071137e-01 7.086167063604823397e+02
2.022549233439945283e+03 1.253626066789839157e-02 1.620240757582858404e-01 6.964438502086672997e+02
2.022619964717478297e+03 1.173239395570437570e-02 1.629574808351336168e-01 6.844016628907244240e+02
2.022690695995011311e+03 1.092631976978069436e-02 1.638602419444881997e-01 6.724845926102544809e+02
2.022761427272544324e+03 1.011823217159087303e-02 1.647328255105073302e-01 6.606871981816370862e+02
2.022832158550077338e+03 9.308317368508527492e-03 1.655756786040173123e-01 6.490046687621824049e+02
2.022902889827610352e+03 8.496754278325536688e-03 1.663892307012237448e-01 6.374324470727311791e+02
2.022973621105143366e+03 7.683714981988172543e-03 1.671738942697539310e-01 6.259660101331713804e+02
2.023044352382676379e+03 6.869365151664655333e-03 1.679300653885399397e-01 6.146009843429111470e+02
2.023115083660209621e+03 6.053864459718693615e-03 1.686581245051923528e-01 6.033331645171009541e+02
2.023185814937742634e+03 5.237366960469602532e-03 1.693584371736478189e-01 5.921585070410600338e+02
2.023256546215275648e+03 4.420021445526729764e-03 1.700313547473957521e-01 5.810731204099762408e+02
2.023327277492808662e+03 3.601971774802996754e-03 1.706772150281485323e-01 5.700732556292937261e+02
2.023398008770341676e+03 2.783357185221553565e-03 1.712963428701397839e-01 5.591552947537610407e+02
2.023468740047874689e+03 1.964312578847794959e-03 1.718890507283358793e-01 5.483157279920238807e+02
2.023539471325407703e+03 1.144968792000639014e-03 1.724556390990693577e-01 5.375510992451869470e+02
2.023610202602940717e+03 3.254528483800450353e-04 1.729963968497215676e-01 5.268580214219653044e+02
2.023680933880473731e+03 -4.941118000627681920e-04 1.735116018609849098e-01 5.162333955579226767e+02
2.023751665158006972e+03 -1.313605049975251826e-03 1.740015218733506619e-01 5.056743014021653266e+02
2.023822396435539986e+03 -2.132909940809435672e-03 1.744664148479637411e-01 4.951778334456044490e+02
2.023893127713073000e+03 -2.951912459368449641e-03 1.749065292049049036e-01 4.847411341710242709e+02
2.023963858990606013e+03 -3.770501354427747889e-03 1.753221041407098391e-01 4.743614191318109192e+02
2.024034590268139027e+03 -4.588567961616590168e-03 1.757133699654732095e-01 4.640359797939804025e+02
2.024105321545672041e+03 -5.406006037917947954e-03 1.760805484294389878e-01 4.537621805689684038e+02
2.024176052823205055e+03 -6.222711605044188056e-03 1.764238530329111654e-01 4.435374547994580894e+02
2.024246784100738068e+03 -7.038582800997445280e-03 1.767434893191075773e-01 4.333593006992755363e+02
2.024317515378271310e+03 -7.853519739186951010e-03 1.770396551506959737e-01 4.232252774356439886e+02
2.024388246655804323e+03 -8.667424374520551686e-03 1.773125409709041256e-01 4.131330013628771098e+02
2.024458977933337337e+03 -9.480200375928908921e-03 1.775623300499895862e-01 4.030801423467627274e+02
2.024529709210870351e+03 -1.029175300481111922e-02 1.777891987175859723e-01 3.930644200245669708e+02
2.024600440488403365e+03 -1.110198899887799608e-02 1.779933165808742779e-01 3.830835996534673313e+02
2.024671171765936379e+03 -1.191081646082518992e-02 1.781748467273809866e-01 3.731354868850780804e+02
2.024741903043469392e+03 -1.271814475112436130e-02 1.783339459095137081e-01 3.632179207538622450e+02
2.024812634321002406e+03 -1.352388438418059349e-02 1.784707647081171245e-01 3.533287663574228077e+02
2.024883365598535420e+03 -1.432794692785347747e-02 1.785854476828964699e-01 3.434659158694558982e+02
2.024954096876068661e+03 -1.513024490847450151e-02 1.786781335414361627e-01 3.336273071943847413e+02
2.025024828153601675e+03 -1.593069172365361996e-02 1.787489553508359585e-01 3.238109404785175229e+02
2.025095559431134689e+03 -1.672920155985838098e-02 1.787980407494038915e-01 3.140148640408934284e+02
2.025166290708667702e+03 -1.752568930966927688e-02 1.788255121047200580e-01 3.042371495765611940e+02
2.025237021986200716e+03 -1.832007048847958397e-02 1.788314866285062588e-01 2.944758817749786886e+02
2.025307753263733730e+03 -1.911226115279426874e-02 1.788160764797202540e-01 2.847291582047528777e+02
2.025378484541266744e+03 -1.990217782105645206e-02 1.787793888679918841e-01 2.749950907028185156e+02
2.025449215818799757e+03 -2.068973739687059860e-02 1.787215261569761737e-01 2.652718056076869289e+02
2.025519947096332771e+03 -2.147485709424408820e-02 1.786425859650997983e-01 2.555574429416381577e+02
2.025590678373866012e+03 -2.225745436451768283e-02 1.785426612620652220e-01 2.458501550100802433e+02
2.025661409651399026e+03 -2.303744682471547955e-02 1.784218404603591657e-01 2.361481047254354451e+02
2.025732140928932040e+03 -2.381475218710439254e-02 1.782802075015038068e-01 2.264494638122706078e+02
2.025802872206465054e+03 -2.458928818976786543e-02 1.781178419370435528e-01 2.167524109668132439e+02
2.025873603483998068e+03 -2.536097252802258992e-02 1.779348190043493205e-01 2.070551300029966058e+02
2.025944334761531081e+03 -2.612972278651689781e-02 1.777312096973790723e-01 1.973558079979234776e+02
2.026015066039064095e+03 -2.689545637184921276e-02 1.775070808325322214e-01 1.876526334407188585e+02
2.026085797316597109e+03 -2.765809044555963062e-02 1.772624951097504509e-01 1.779437943843461767e+02
2.026156528594130123e+03 -2.841754185734298929e-02 1.769975111689934544e-01 1.682274765980176028e+02
2.026227259871663364e+03 -2.917372707833663925e-02 1.767121836422261283e-01 1.585018617167792740e+02
2.026297991149196378e+03 -2.992656213434119472e-02 1.764065632010280715e-01 1.487651253842984715e+02
2.026368722426729391e+03 -3.067596253882784799e-02 1.760806965999392737e-01 1.390154353846625668e+02
2.026439453704262405e+03 -3.142184322558940618e-02 1.757346267156326414e-01 1.292509497587685132e+02
2.026510184981795419e+03 -3.216411848089288650e-02 1.753683925820037626e-01 1.194698149007646748e+02
2.026580916259328433e+03 -3.290270187498793575e-02 1.749820294212518501e-01 1.096701636299101921e+02
2.026651647536861446e+03 -3.363750619282350474e-02 1.745755686710185606e-01 9.985011323311017861e+01
2.026722378814394460e+03 -3.436844336382988141e-02 1.741490380076417543e-01 9.000776347321672688e+01
2.026793110091927701e+03 -3.509542439060643615e-02 1.737024613655701322e-01 8.014119455823571059e+01
2.026863841369460715e+03 -3.581835927637196104e-02 1.732358589529777171e-01 7.024846506625718234e+01
2.026934572646993729e+03 -3.653715695100889782e-02 1.727492472636064091e-01 6.032760982118946913e+01
2.027005303924526743e+03 -3.725172519554786899e-02 1.722426390848614819e-01 5.037663771423059700e+01
2.027076035202059757e+03 -3.796197056491942140e-02 1.717160435021688469e-01 4.039352946657304244e+01
2.027146766479592770e+03 -3.866779830880331947e-02 1.711694658996059937e-01 3.037623532976394003e+01
2.027217497757125784e+03 -3.936911229039770366e-02 1.706029079568154028e-01 2.032267272245778500e+01
2.027288229034658798e+03 -4.006581490292709241e-02 1.700163676422097037e-01 1.023072380735825782e+01
2.027358960312191812e+03 -4.075780698370788657e-02 1.694098392025036037e-01 9.823302323045955686e-02
2.027429691589725053e+03 -4.144498772559673111e-02 1.687833131486621008e-01 -1.007699538910552306e+01
2.027500422867258067e+03 -4.212725458567481707e-02 1.681367762384741171e-01 -2.029719977657441632e+01
2.027571154144791080e+03 -4.280450319108678597e-02 1.674702114562308941e-01 -3.056466318523721881e+01
2.027641885422324094e+03 -4.347662724209614554e-02 1.667835979905231969e-01 -4.088171482084088382e+01
2.027712616699857108e+03 -4.414351841267032811e-02 1.660769112120536461e-01 -5.125073034699825314e+01
2.027783347977390122e+03 -4.480506624910537278e-02 1.653501226538975910e-01 -6.167413121484256067e+01
2.027854079254923136e+03 -4.546115806632831241e-02 1.646031999932329182e-01 -7.215438710867297800e+01
2.027924810532456149e+03 -4.611167883752168711e-02 1.638361070192432822e-01 -8.269403188199348165e+01
2.027995541809989163e+03 -4.675651106828636328e-02 1.630488035578733785e-01 -9.329569231336138557e+01
2.028066273087522404e+03 -4.739553465519730224e-02 1.622412453573615909e-01 -1.039620975931758693e+02
2.028137004365055418e+03 -4.802862674405067311e-02 1.614133839911952584e-01 -1.146960591629848949e+02
2.028207735642588432e+03 -4.865566159530516216e-02 1.605651668031501944e-01 -1.255004560455415543e+02
2.028278466920121446e+03 -4.927651044864532481e-02 1.596965368649106709e-01 -1.363782385004985258e+02
2.028349198197654459e+03 -4.989104137937418887e-02 1.588074329222417813e-01 -1.473324380153992195e+02
2.028419929475187473e+03 -5.049911914506879929e-02 1.578977893265295362e-01 -1.583661763520690613e+02
2.028490660752720487e+03 -5.110060502289449913e-02 1.569675359551122029e-01 -1.694826729604275499e+02
2.028561392030253501e+03 -5.169535663782505452e-02 1.560165981231145527e-01 -1.806852515992258645e+02
2.028632123307786514e+03 -5.228322778158719236e-02 1.550448964880088154e-01 -1.919773468049599217e+02
2.028702854585319756e+03 -5.286406822185105853e-02 1.540523469472442619e-01 -2.033625105382784284e+02
2.028773585862852769e+03 -5.343772350103755120e-02 1.530388605288843795e-01 -2.148444191622187986e+02
2.028844317140385783e+03 -5.400403472400401583e-02 1.520043432750171619e-01 -2.264268808192402673e+02
2.028915048417918797e+03 -5.456283833381817688e-02 1.509486961176880471e-01 -2.381138431896598036e+02
2.028985779695451811e+03 -5.511396587486892124e-02 1.498718147473681872e-01 -2.499094013367505340e+02
2.029056510972984825e+03 -5.565724374304387850e-02 1.487735894754110277e-01 -2.618178040353781171e+02
2.029127242250517838e+03 -5.619249292531206669e-02 1.476539050988970037e-01 -2.738434510876458035e+02
2.029197973528050852e+03 -5.671952874111908099e-02 1.465126408019292170e-01 -2.859908601796098537e+02
2.029268704805583866e+03 -5.723816060035060577e-02 1.453496701305500294e-01 -2.982646572076840812e+02
2.029339436083117107e+03 -5.774819167493171201e-02 1.441648607768739598e-01 -3.106698216491541302e+02
2.029410167360650121e+03 -5.824941841783363994e-02 1.429580740226240043e-01 -3.232117070235978531e+02
2.029480898638183135e+03 -5.874163018289286359e-02 1.417291644950881280e-01 -3.358958137386122189e+02
2.029551629915716148e+03 -5.922460889779879861e-02 1.404779801003854800e-01 -3.487278221683129118e+02
2.029622361193249162e+03 -5.969812867846250454e-02 1.392043618557085582e-01 -3.617136538959449581e+02
2.029693092470782176e+03 -6.016195539700499445e-02 1.379081436600392285e-01 -3.748595008896537593e+02
2.029763823748315190e+03 -6.061584621525671623e-02 1.365891520391095404e-01 -3.881718461143199761e+02
2.029834555025848204e+03 -6.105954908461668634e-02 1.352472058723611648e-01 -4.016574836298092919e+02
2.029905286303381217e+03 -6.149280221022215137e-02 1.338821161028795614e-01 -4.153235392705905156e+02
2.029976017580914458e+03 -6.191533347834059231e-02 1.324936854337131764e-01 -4.291774867572999597e+02
2.030046748858447472e+03 -6.232685986044329135e-02 1.310817080451096017e-01 -4.432271172380487201e+02
2.030117480135980486e+03 -6.272708686528127853e-02 1.296459694856851030e-01 -4.574804108661739406e+02
2.030188211413513500e+03 -6.311570789109068047e-02 1.281862464260191681e-01 -4.719460101231793487e+02
2.030258942691046514e+03 -6.349240310393070019e-02 1.267023055282061605e-01 -4.866334077834036975e+02
2.030329673968579527e+03 -6.385683857451167345e-02 1.251939029736473252e-01 -5.015523929543153940e+02
2.030400405246112541e+03 -6.420866551542182832e-02 1.236607842992357154e-01 -5.167132096907737377e+02
2.030471136523645555e+03 -6.454751933882330039e-02 1.221026839805613162e-01 -5.321266780450947635e+02
2.030541867801178796e+03 -6.487301860384665775e-02 1.205193249237207498e-01 -5.478042505848421797e+02
2.030612599078711810e+03 -6.518476387061007682e-02 1.189104179157023239e-01 -5.637580630706304419e+02
2.030683330356244824e+03 -6.548233645974525785e-02 1.172756610465219423e-01 -5.800009711816711615e+02
2.030754061633777837e+03 -6.576529717475196324e-02 1.156147392204259217e-01 -5.965464192001115862e+02
2.030824792911310851e+03 -6.603318510700287303e-02 1.139273239744343913e-01 -6.134085269096740376e+02
2.030895524188843865e+03 -6.628551566213711221e-02 1.122130721103390405e-01 -6.306032064706636220e+02
2.030966255466376879e+03 -6.652177841208800624e-02 1.104716242730070241e-01 -6.481472147345773465e+02
2.031036986743909893e+03 -6.674143542603909462e-02 1.087026046050384998e-01 -6.660582208741218437e+02
2.031107718021442906e+03 -6.694391921411765867e-02 1.069056199857415235e-01 -6.843551005945944326e+02
2.031178449298976147e+03 -6.712863038294247797e-02 1.050802590748307619e-01 -7.030580685784016168e+02
2.031249180576509161e+03 -6.729493505002111242e-02 1.032260912829707222e-01 -7.221887842877106323e+02
2.031319911854042175e+03 -6.744216211248468817e-02 1.013426658551373066e-01 -7.417701781414563129e+02
2.031390643131575189e+03 -6.756960047999098495e-02 9.942951126277684015e-02 -7.618269109902296350e+02
2.031461374409108203e+03 -6.767649480248334737e-02 9.748613275588474680e-02 -7.823866367603828849e+02
2.031532105686641216e+03 -6.776204132442888162e-02 9.551201064507616745e-02 -8.034786986776088042e+02
2.031602836964174230e+03 -6.782538386357554738e-02 9.350659932432422994e-02 -8.251346950812777550e+02
2.031673568241707244e+03 -6.786560894996261639e-02 9.146932568326623936e-02 -8.473888781182319008e+02
2.031744299519240258e+03 -6.788174033381316752e-02 8.939958733292739657e-02 -8.702784135892761697e+02
2.031815030796773499e+03 -6.787273307138214085e-02 8.729675103062742303e-02 -8.938432041311582452e+02
2.031885762074306513e+03 -6.783746683679993394e-02 8.516015094818615849e-02 -9.181274634604312723e+02
2.031956493351839526e+03 -6.777473681754578316e-02 8.298908484793972307e-02 -9.431801576360126091e+02
2.032027224629372540e+03 -6.768324498192893057e-02 8.078281198292523724e-02 -9.690543847304779774e+02
2.032097955906905554e+03 -6.756159006357471963e-02 7.854055074196905628e-02 -9.958084836702971643e+02
2.032168687184438568e+03 -6.740825581190511284e-02 7.626147574723303457e-02 -1.023506722584649765e+03
2.032239418461971582e+03 -6.722159785363131246e-02 7.394471512040702577e-02 -1.052219508369410732e+03
2.032310149739504595e+03 -6.699982819717907601e-02 7.158934716141955590e-02 -1.082026046833401097e+03
2.032380881017037609e+03 -6.674099578259942711e-02 6.919439516108200072e-02 -1.113014679231815535e+03
2.032451612294570850e+03 -6.644296585640382946e-02 6.675882398936483497e-02 -1.145283582530919603e+03
2.032522343572103864e+03 -6.610339536797517346e-02 6.428153598369532040e-02 -1.178942807652068723e+03
2.032593074849636878e+03 -6.571970404607772875e-02 6.176136661943042172e-02 -1.214115647658657053e+03
2.032663806127169892e+03 -6.528904029728156699e-02 5.919708011988458057e-02 -1.250942170562416550e+03
2.032734537404702905e+03 -6.480823827814261029e-02 5.658736284481703099e-02 -1.289582177248734752e+03
2.032805268682235919e+03 -6.427376865391755401e-02 5.393081853172115164e-02 -1.330217396976515374e+03
2.032875999959768933e+03 -6.368167881874800540e-02 5.122596348906217206e-02 -1.373056249581080692e+03
