2.010356112597776246e+03 -3.044422001340214151e-02 1.761885067216296119e-01 1.360035886926012267e+02
2.010409814071673964e+03 -3.101002129970930124e-02 1.759228686032668909e-01 1.285944282744798102e+02
2.010463515545571681e+03 -3.157377130076684246e-02 1.756455933684889503e-01 1.211754592285942351e+02
2.010517217019469399e+03 -3.213543217111920064e-02 1.753566963010385615e-01 1.137458649616806809e+02
2.010570918493367117e+03 -3.269496581025014420e-02 1.750561914243945194e-01 1.063048237563098866e+02
2.010624619967264834e+03 -3.325233384492055910e-02 1.747440915078009305e-01 9.885150827067118939e+01
2.010678321441162325e+03 -3.380749761130646958e-02 1.744204080715631711e-01 9.138508503114476866e+01
2.010732022915060043e+03 -3.436041813693090086e-02 1.740851513916012172e-01 8.390471391670705259e+01
2.010785724388957760e+03 -3.491105612233024597e-02 1.737383305032890735e-01 7.640954763487124524e+01
2.010839425862855478e+03 -3.545937192247903408e-02 1.733799532045557090e-01 6.889873118774893612e+01
2.010893127336753196e+03 -3.600532552791606972e-02 1.730100260582706773e-01 6.137140132786765179e+01
2.010946828810650914e+03 -3.654887654556016052e-02 1.726285543939096445e-01 5.382668600272012327e+01
2.011000530284548631e+03 -3.708998417918784457e-02 1.722355423084995507e-01 4.626370378721215815e+01
2.011054231758446349e+03 -3.762860720955124583e-02 1.718309926668473153e-01 3.868156330307184021e+01
2.011107933232344067e+03 -3.816470397410493681e-02 1.714149071010463987e-01 3.107936262431863739e+01
2.011161634706241784e+03 -3.869823234631830644e-02 1.709872860092613855e-01 2.345618866778574940e+01
2.011215336180139275e+03 -3.922914971454288802e-02 1.705481285537901182e-01 1.581111656771754426e+01
2.011269037654036993e+03 -3.975741296041731404e-02 1.700974326583880314e-01 8.143209033205303982e+00
2.011322739127934710e+03 -4.028297843674900208e-02 1.696351950048725632e-01 4.515156878022020259e-01
2.011376440601832428e+03 -4.080580194488413887e-02 1.691614110289736128e-01 -7.264927610439752215e+00
2.011430142075730146e+03 -4.132583871150190269e-02 1.686760749154401495e-01 -1.500709946927955585e+01
2.011483843549627863e+03 -4.184304336481196179e-02 1.681791795923923416e-01 -2.277599368438042404e+01
2.011537545023525581e+03 -4.235736991011759822e-02 1.676707167249043007e-01 -3.057261998449089191e+01
2.011591246497423299e+03 -4.286877170471020682e-02 1.671506767078132505e-01 -3.839800480111990311e+01
2.011644947971321017e+03 -4.337720143205396617e-02 1.666190486577358021e-01 -4.625319206416212126e+01
2.011698649445218734e+03 -4.388261107522469645e-02 1.660758204042874497e-01 -5.413924402503302247e+01
2.011752350919116452e+03 -4.438495188955798171e-02 1.655209784804822781e-01 -6.205724210892793025e+01
2.011806052393013942e+03 -4.488417437446309832e-02 1.649545081123046653e-01 -7.000828779790323608e+01
2.011859753866911660e+03 -4.538022824436985236e-02 1.643763932074209511e-01 -7.799350354678769293e+01
2.011913455340809378e+03 -4.587306239872691871e-02 1.637866163430467814e-01 -8.601403373332288993e+01
2.011967156814707096e+03 -4.636262489104674145e-02 1.631851587529059289e-01 -9.407104564525492663e+01
2.012020858288604813e+03 -4.684886289690906591e-02 1.625720003132900826e-01 -1.021657305059811591e+02
2.012074559762502531e+03 -4.733172268088364082e-02 1.619471195281888543e-01 -1.102993045412510043e+02
2.012128261236400249e+03 -4.781114956230925195e-02 1.613104935134631324e-01 -1.184730100892663387e+02
2.012181962710297967e+03 -4.828708787986753237e-02 1.606620979800359450e-01 -1.266881167567366333e+02
2.012235664184195684e+03 -4.875948095488932821e-02 1.600019072160774047e-01 -1.349459226236108691e+02
2.012289365658093402e+03 -4.922827105332042152e-02 1.593298940681479314e-01 -1.432477554993128308e+02
2.012343067131990892e+03 -4.969339934627726302e-02 1.586460299212756608e-01 -1.515949742335545238e+02
2.012396768605888610e+03 -5.015480586912398481e-02 1.579502846779148872e-01 -1.599889700851342980e+02
2.012450470079786328e+03 -5.061242947896264777e-02 1.572426267357935614e-01 -1.684311681516786905e+02
2.012504171553684046e+03 -5.106620781048980956e-02 1.565230229645539484e-01 -1.769230288647092664e+02
2.012557873027581763e+03 -5.151607723009843376e-02 1.557914386811886376e-01 -1.854660495534126028e+02
2.012611574501479481e+03 -5.196197278814191495e-02 1.550478376242142020e-01 -1.940617660815344721e+02
2.012665275975377199e+03 -5.240382816925519271e-02 1.542921819265358763e-01 -2.027117545618128531e+02
2.012718977449274917e+03 -5.284157564062610252e-02 1.535244320869588175e-01 -2.114176331527443153e+02
2.012772678923172634e+03 -5.327514599809955731e-02 1.527445469402916312e-01 -2.201810639427471870e+02
2.012826380397070352e+03 -5.370446850999464894e-02 1.519524836259895095e-01 -2.290037549272174715e+02
2.012880081870968070e+03 -5.412947085850389195e-02 1.511481975552791956e-01 -2.378874620842803438e+02
2.012933783344865560e+03 -5.455007907853269555e-02 1.503316423767070698e-01 -2.468339915553711137e+02
2.012987484818763278e+03 -5.496621749384589944e-02 1.495027699400272025e-01 -2.558452019373783912e+02
2.013041186292660996e+03 -5.537780865033344740e-02 1.486615302584094189e-01 -2.649230066920991931e+02
2.013094887766558713e+03 -5.578477324626791856e-02 1.478078714688339235e-01 -2.740693766784845025e+02
2.013148589240456431e+03 -5.618703005935113404e-02 1.469417397906541134e-01 -2.832863428043438603e+02
2.013202290714354149e+03 -5.658449587038495016e-02 1.460630794822680711e-01 -2.925759987652759833e+02
2.013255992188251867e+03 -5.697708538342514950e-02 1.451718327959754529e-01 -3.019405037223932027e+02
2.013309693662149584e+03 -5.736471114244157121e-02 1.442679399315311417e-01 -3.113820843216514049e+02
2.013363395136047302e+03 -5.774728344518052781e-02 1.433513389905747004e-01 -3.209030338301157030e+02
2.013417096609945020e+03 -5.812471025717479145e-02 1.424219659395452031e-01 -3.305057020980575544e+02
2.013470798083842510e+03 -5.849689713206881331e-02 1.414797545960429226e-01 -3.401924770815781471e+02
2.013524499557740228e+03 -5.886374712753862648e-02 1.405246366117538226e-01 -3.499658309476494082e+02
2.013578201031637946e+03 -5.922516066659600648e-02 1.395565413328214710e-01 -3.598284307571248064e+02
2.013631902505535663e+03 -5.958103537651666254e-02 1.385753956210890869e-01 -3.697830738489184910e+02
2.013685603979433381e+03 -5.993126597649334197e-02 1.375811238053652463e-01 -3.798326124433345399e+02
2.013739305453331099e+03 -6.027574417344296054e-02 1.365736476621511875e-01 -3.899799740954371714e+02
2.013793006927228816e+03 -6.061435853964110276e-02 1.355528863645665827e-01 -4.002281851388052587e+02
2.013846708401126534e+03 -6.094699437694522243e-02 1.345187564126822666e-01 -4.105803822496882844e+02
2.013900409875024252e+03 -6.127353357157640928e-02 1.334711715558870859e-01 -4.210398198718641538e+02
2.013954111348921970e+03 -6.159385444032545315e-02 1.324100427103967192e-01 -4.316098768572763333e+02
2.014007812822819687e+03 -6.190783156795741371e-02 1.313352778725062064e-01 -4.422940632420566658e+02
2.014061514296717178e+03 -6.221533563528132416e-02 1.302467820275572952e-01 -4.530960274011851538e+02
2.014115215770614896e+03 -6.251623323724662951e-02 1.291444570543973658e-01 -4.640195636647387119e+02
2.014168917244512613e+03 -6.281038669032713850e-02 1.280282016251585442e-01 -4.750686204436074149e+02
2.014222618718410331e+03 -6.309765382843772474e-02 1.268979110999945148e-01 -4.862473089096221770e+02
2.014276320192308049e+03 -6.337788778651171073e-02 1.257534774165631475e-01 -4.975599122755834856e+02
2.014330021666205766e+03 -6.365093677081985757e-02 1.245947889739155018e-01 -5.090108957257536417e+02
2.014383723140103484e+03 -6.391664381502168424e-02 1.234217305104719498e-01 -5.206049170518832625e+02
2.014437424614001202e+03 -6.417484652084548546e-02 1.222341829757286197e-01 -5.323468380553135830e+02
2.014491126087898920e+03 -6.442537678219714681e-02 1.210320233953250946e-01 -5.442417367817881768e+02
2.014544827561796637e+03 -6.466806049138254520e-02 1.198151247290632077e-01 -5.562949206624177805e+02
2.014598529035694355e+03 -6.490271722600407522e-02 1.185833557214486661e-01 -5.685119406417747996e+02
2.014652230509591845e+03 -6.512915991495644985e-02 1.173365807442954545e-01 -5.808986063825975634e+02
2.014705931983489563e+03 -6.534719448179508727e-02 1.160746596308641077e-01 -5.934610026463708436e+02
2.014759633457387281e+03 -6.555661946356446113e-02 1.147974475010779538e-01 -6.062055069587180469e+02
2.014813334931284999e+03 -6.575722560301361375e-02 1.135047945771385236e-01 -6.191388086822881860e+02
2.014867036405182716e+03 -6.594879541188072847e-02 1.121965459890011396e-01 -6.322679296315372994e+02
2.014920737879080434e+03 -6.613110270271206625e-02 1.108725415690171162e-01 -6.456002463801420390e+02
2.014974439352978152e+03 -6.630391208640437628e-02 1.095326156350329844e-01 -6.591435144285916294e+02
2.015028140826875870e+03 -6.646697843236512582e-02 1.081765967611810902e-01 -6.729058944190279590e+02
2.015081842300773587e+03 -6.662004628784398697e-02 1.068043075355336602e-01 -6.868959806059317543e+02
2.015135543774671305e+03 -6.676284925261538605e-02 1.054155643037360673e-01 -7.011228318103690071e+02
2.015189245248568795e+03 -6.689510930478256845e-02 1.040101768977044344e-01 -7.155960050429082457e+02
2.015242946722466513e+03 -6.701653607325230855e-02 1.025879483487552174e-01 -7.303255911407098893e+02
2.015296648196364231e+03 -6.712682605515714329e-02 1.011486745895401884e-01 -7.453222407795531126e+02
2.015350349670261949e+03 -6.722566181620295844e-02 9.969214420873499793e-02 -7.605970431242640188e+02
2.015404051144159666e+03 -6.731271148046813479e-02 9.821813871429047049e-02 -7.761607854800656696e+02
2.015457752618057384e+03 -6.738762817173098163e-02 9.672643278841523695e-02 -7.920256853653728513e+02
2.015511454091955102e+03 -6.745004746570350262e-02 9.521679174703093218e-02 -8.082065469231068846e+02
2.015565155565852820e+03 -6.749958607031819602e-02 9.368897097064672608e-02 -8.247180288526648155e+02
2.015618857039750537e+03 -6.753584110670439455e-02 9.214271631608494939e-02 -8.415753632070914136e+02
2.015672558513648255e+03 -6.755838880035040794e-02 9.057776380278075024e-02 -8.587947410635312053e+02
2.015726259987545973e+03 -6.756678294472961976e-02 8.899383913206138086e-02 -8.763934264626744834e+02
2.015779961461443463e+03 -6.756055320877656090e-02 8.739065716371242909e-02 -8.943898536104172763e+02
2.015833662935341181e+03 -6.753920327773907384e-02 8.576792135788433025e-02 -9.128037327801316678e+02
2.015887364409238899e+03 -6.750220880769593201e-02 8.412532318080227778e-02 -9.316561680576951403e+02
2.015941065883136616e+03 -6.744901517059972984e-02 8.246254147172152327e-02 -9.509697886835990630e+02
2.015994767357034334e+03 -6.737903496321064056e-02 8.077924176865419748e-02 -9.707688958990167976e+02
2.016048468830932052e+03 -6.729164524921081580e-02 7.907507559015644616e-02 -9.910796275103023163e+02
2.016102170304829770e+03 -6.718618449898762501e-02 7.734967967046586790e-02 -1.011930142757935982e+03
2.016155871778727487e+03 -6.706194918588327669e-02 7.560267514525888244e-02 -1.033350830521136913e+03
2.016209573252625205e+03 -6.691818999095243414e-02 7.383366668537108546e-02 -1.055374544423086490e+03
2.016263274726522923e+03 -6.675410756020447312e-02 7.204224157598991540e-02 -1.078036869044262403e+03
2.016316976200420413e+03 -6.656884774864597898e-02 7.022796873914709248e-02 -1.101376422227893272e+03
2.016370677674318131e+03 -6.636149627381345006e-02 6.839039769779876876e-02 -1.125435199403530078e+03
2.016424379148215849e+03 -6.613107268746490353e-02 6.652905748073691117e-02 -1.150258966953070512e+03
2.016478080622113566e+03 -6.587652355751234812e-02 6.464345546896656247e-02 -1.175897711161937195e+03
2.016531782096011284e+03 -6.559671475178341371e-02 6.273307620572236842e-02 -1.202406074175172762e+03
2.016585483569909002e+03 -6.529042332867086851e-02 6.079738079537198858e-02 -1.229841907082143052e+03
2.016639185043806719e+03 -6.495633100504139001e-02 5.883580883403221468e-02 -1.258267167773389247e+03
2.016692886517704437e+03 -6.459300753743847656e-02 5.684777221297564187e-02 -1.287759674486864014e+03
2.016746587991602155e+03 -6.419889489160250651e-02 5.483265155114482037e-02 -1.318401271445892007e+03
2.016800289465499873e+03 -6.377229485851231006e-02 5.278979771192886250e-02 -1.350281567961834526e+03
2.016853990939397590e+03 -6.331135147099210825e-02 5.071853082674952773e-02 -1.383500332553689987e+03
2.016907692413295081e+03 -6.281403008065711280e-02 4.861813913973623419e-02 -1.418169070773412841e+03
2.016961393887192799e+03 -6.227809276980887654e-02 4.648787804715058536e-02 -1.454412867254769253e+03
2.017015095361090516e+03 -6.170106930374569948e-02 4.432696946030256074e-02 -1.492372590951232496e+03
2.017068796834988234e+03 -6.108022260643819479e-02 4.213460166453909111e-02 -1.532207551411574286e+03
2.017122498308885952e+03 -6.041250745951737278e-02 3.990992992025629155e-02 -1.574098717960073373e+03
2.017176199782783669e+03 -5.969452074768368671e-02 3.765207815717828976e-02 -1.618252646301085406e+03
2.017229901256681387e+03 -5.892244106639802498e-02 3.536014226659620063e-02 -1.664906300666069683e+03
2.017283602730579105e+03 -5.809195481688454038e-02 3.303319572169011870e-02 -1.714333018233776329e+03
2.017337304204476823e+03 -5.719816496105276787e-02 3.067029859140324097e-02 -1.766849941093529424e+03
2.017391005678374540e+03 -5.623547731277669243e-02 2.827051153662350769e-02 -1.822827207889214606e+03
2.017444707152272031e+03 -5.519746029808101501e-02 2.583291857347769227e-02 -1.882692931814050553e+03
2.017498408626169748e+03 -5.407667143136071775e-02 2.335666320942510199e-02 -1.946959396548865243e+03
2.017552110100067466e+03 -5.286440137565322217e-02 2.084098686953705579e-02 -2.016249822959709036e+03
2.017605811573965184e+03 -5.155036959702796046e-02 1.828530443491703517e-02 -2.091303612332722423e+03
2.017659513047862902e+03 -5.012231908222800070e-02 1.568931808016257173e-02 -2.173017242814346901e+03
2.017713214521760619e+03 -4.856546229362898592e-02 1.305318961939674893e-02 -2.262487562378349139e+03
2.017766915995658337e+03 -4.686171732037798521e-02 1.037781078907311534e-02 -2.361067967576797855e+03
2.017820617469556055e+03 -4.498863205812103638e-02 7.665236075453225884e-03 -2.470440882578986020e+03
2.017874318943453773e+03 -4.291783210308523083e-02 4.919393752410282719e-03 -2.592707740651031145e+03
2.017928020417351490e+03 -4.061272053740331428e-02 2.147290758430222754e-03 -2.730489293239048493e+03
2.017981721891249208e+03 -3.802496641416097667e-02 -6.388676984419198535e-04 -2.887000279718842194e+03
2.018035423365146698e+03 -3.508897335655471184e-02 -3.417777908685955355e-03 -3.065963867094566467e+03
2.018089124839044416e+03 -3.171290587892770102e-02 -6.151467611433415056e-03 -3.270935388908158529e+03
2.018142826312942134e+03 -2.776371006250905396e-02 -8.769641596132892944e-03 -3.502533850569218885e+03
2.018196527786839852e+03 -2.304270523946967686e-02 -1.113503425310004465e-02 -3.748010963228148285e+03
2.018250229260737569e+03 -1.725298869948167432e-02 -1.296241002223849810e-02 -3.942782569461847288e+03
2.018303930734635287e+03 -1.001171155184022409e-02 -1.363818573726235592e-02 -3.839995309598440599e+03
2.018357632208533005e+03 -1.231180871201759510e-03 -1.203049195878553440e-02 -2.824251426887932212e+03
2.018411333682430723e+03 7.782670042060721438e-03 -7.362712857863489002e-03 -8.650026539163503685e+02
2.018465035156328440e+03 1.510304258877665298e-02 -8.830872841715876930e-04 6.402875754131416670e+02
2.018518736630226158e+03 2.045617614165206113e-02 5.819663033681587126e-03 1.370008348921564220e+03
2.018572438104123648e+03 2.439157349535502062e-02 1.215928691378392011e-02 1.689839820948551505e+03
2.018626139578021366e+03 2.737536284502479697e-02 1.804061352277717273e-02 1.826494871360822117e+03
2.018679841051919084e+03 2.970192168483023337e-02 2.349624101324014266e-02 1.878614097113468915e+03
2.018733542525816802e+03 3.155447039859227143e-02 2.858078116926330084e-02 1.889365482456883683e+03
2.018787243999714519e+03 3.305135275950436130e-02 3.334542216995124014e-02 1.878914523099793996e+03
2.018840945473612237e+03 3.427242073406851219e-02 3.783320234461856613e-02 1.857325658554337679e+03
2.018894646947509955e+03 3.527374695599191229e-02 4.207934675556283810e-02 1.829906826898837608e+03
2.018948348421407673e+03 3.609606977213766776e-02 4.611260569727900632e-02 1.799579191966192411e+03
2.019002049895305390e+03 3.676986005472249880e-02 4.995659063607118394e-02 1.768000725643562873e+03
2.019055751369203108e+03 3.731847944988297278e-02 5.363087245677264359e-02 1.736130724653625521e+03
2.019109452843100826e+03 3.776022162618047906e-02 5.715183603742077928e-02 1.704527995088950775e+03
2.019163154316998316e+03 3.810967483873516776e-02 6.053333471145343203e-02 1.673515176420856051e+03
2.019216855790896034e+03 3.837865772748846882e-02 6.378719103923477518e-02 1.643272594581206022e+03
2.019270557264793752e+03 3.857687836124341907e-02 6.692358212677596008e-02 1.613893497420101539e+03
2.019324258738691469e+03 3.871240851372435149e-02 6.995133809491438370e-02 1.585416718871620787e+03
2.019377960212589187e+03 3.879202661822079429e-02 7.287816603864277765e-02 1.557843668650485142e+03
2.019431661686486905e+03 3.882148344320341532e-02 7.571084405726478950e-02 1.531164742573897911e+03
2.019485363160384622e+03 3.880570828401468109e-02 7.845538499727126858e-02 1.505355155198432840e+03
2.019539064634282340e+03 3.874895421463834394e-02 8.111714299011052454e-02 1.480381776715994192e+03
2.019592766108180058e+03 3.865491639103187105e-02 8.370090930202223056e-02 1.456207876861622708e+03
2.019646467582077776e+03 3.852682595405875626e-02 8.621099189633467386e-02 1.432795291663182752e+03
2.019700169055975493e+03 3.836752495916286726e-02 8.865128118501768018e-02 1.410105796049330365e+03
2.019753870529872984e+03 3.817952675078284397e-02 9.102530475829333223e-02 1.388101963724721372e+03
2.019807572003770701e+03 3.796506504760272654e-02 9.333627325176718781e-02 1.366747688993802058e+03
2.019861273477668419e+03 3.772613418113879985e-02 9.558711903250036168e-02 1.346008485169946425e+03
2.019914974951566137e+03 3.746452233535625675e-02 9.778052902449614614e-02 1.325851635545639965e+03
2.019968676425463855e+03 3.718183920007381987e-02 9.991897271822908211e-02 1.306246247666467980e+03
2.020022377899361572e+03 3.687953912905658077e-02 1.020047261972376607e-01 1.287163244962579483e+03
2.020076079373259290e+03 3.655894065263969733e-02 1.040398928496484299e-01 1.268575317293621993e+03
2.020129780847157008e+03 3.622124299739714476e-02 1.060264212596280092e-01 1.250456779939776197e+03
2.020183482321054726e+03 3.586753968431147938e-02 1.079661193550207482e-01 1.232781971535625871e+03
2.020237183794952443e+03 3.549882886630376100e-02 1.098606627268562674e-01 1.215526438459113479e+03
2.020290885268849934e+03 3.511602715439459538e-02 1.117116167555336770e-01 1.198672366529934607e+03
2.020344586742747651e+03 3.471997907359490598e-02 1.135204488731002548e-01 1.182200584625290276e+03
2.020398288216645369e+03 3.431146326194960822e-02 1.152885331468351537e-01 1.166092605817140793e+03
2.020451989690543087e+03 3.389119912140056007e-02 1.170171581118105292e-01 1.150331080672067401e+03
2.020505691164440805e+03 3.345985274862066372e-02 1.187075340886677016e-01 1.134899731217649332e+03
2.020559392638338522e+03 3.301804214318769526e-02 1.203607997186952466e-01 1.119783274695143291e+03
2.020613094112236240e+03 3.256634179407504742e-02 1.219780278085014630e-01 1.104967352078671183e+03
2.020666795586133958e+03 3.210528673156196749e-02 1.235602305712989318e-01 1.090438461647286204e+03
2.020720497060031676e+03 3.163537611778970138e-02 1.251083643393280376e-01 1.076183897434809523e+03
2.020774198533929393e+03 3.115707643774064811e-02 1.266233338113196272e-01 1.062191692314157990e+03
2.020827900007827111e+03 3.067082434295997570e-02 1.281059958899664342e-01 1.048450565440767832e+03
2.020881601481724601e+03 3.017702919251533111e-02 1.295571631568478432e-01 1.034949873766258179e+03
2.020935302955622319e+03 2.967607532915031085e-02 1.309776070259345837e-01 1.021679567331614066e+03
2.020989004429520037e+03 2.916832412318634549e-02 1.323680606112788705e-01 1.008630148057027668e+03
2.021042705903417755e+03 2.865411581207864822e-02 1.337292213401098384e-01 9.957926317551293778e+02
2.021096407377315472e+03 2.813377115975642523e-02 1.350617533384186331e-01 9.831585131102345940e+02
2.021150108851213190e+03 2.760759295657140566e-02 1.363662896128653712e-01 9.707197333685819558e+02
2.021203810325110908e+03 2.707586737790510303e-02 1.376434340497488251e-01 9.584686503067589456e+02
2.021257511799008626e+03 2.653886521667567569e-02 1.388937632469452177e-01 9.463980071950949196e+02
2.021311213272906343e+03 2.599684299690604647e-02 1.401178281599458897e-01 9.345008590637717134e+02
2.021364914746804061e+03 2.545004391490512941e-02 1.413161552146760536e-01 9.227701394606993972e+02
2.021418616220701551e+03 2.489869853024287774e-02 1.424892463575724855e-01 9.111987215088893208e+02
2.021472317694599269e+03 2.434302596210285302e-02 1.436375822049337503e-01 8.997815439795937209e+02
2.021526019168496987e+03 2.378323501005573035e-02 1.447616252497662404e-01 8.885135235167966812e+02
2.021579720642394705e+03 2.321952460764552598e-02 1.458618195886742241e-01 8.773893369886803839e+02
2.021633422116292422e+03 2.265208439184824771e-02 1.469385914806791427e-01 8.664038463973912485e+02
2.021687123590190140e+03 2.208109529897116577e-02 1.479923502737772734e-01 8.555521407631906641e+02
2.021740825064087858e+03 2.150673012063495163e-02 1.490234893078175860e-01 8.448295269482149479e+02
2.021794526537985575e+03 2.092915401711878745e-02 1.500323867581235537e-01 8.342315171969565881e+02
2.021848228011883293e+03 2.034852499150170690e-02 1.510194064218031984e-01 8.237538172254480742e+02
2.021901929485781011e+03 1.976499432812157606e-02 1.519848984512253975e-01 8.133923151022186175e+02
2.021955630959678729e+03 1.917870699854699532e-02 1.529292000389264050e-01 8.031430708824981366e+02
2.022009332433576219e+03 1.858980203792608837e-02 1.538526360578248708e-01 7.930023069388050772e+02
2.022063033907473937e+03 1.799841289427620700e-02 1.547555196602866945e-01 7.829663989339162526e+02
2.022116735381371655e+03 1.740466775306667019e-02 1.556381528391757585e-01 7.730318673874753586e+02
2.022170436855269372e+03 1.680868983913636622e-02 1.565008269538735453e-01 7.631953697902392832e+02
2.022224138329167090e+03 1.621059769786799623e-02 1.573438232238568713e-01 7.534536932252349288e+02
2.022277839803064808e+03 1.561050545731100178e-02 1.581674131922627402e-01 7.438037474577186003e+02
2.022331541276962525e+03 1.500852307279984532e-02 1.589718591616421095e-01 7.342425584592537007e+02
2.022385242750860243e+03 1.440475655546676059e-02 1.597574146039138221e-01 7.247672623340326936e+02
2.022438944224757961e+03 1.379930818592289311e-02 1.605243245463583157e-01 7.153750996182423023e+02
2.022492645698655679e+03 1.319227671426187465e-02 1.612728259353400639e-01 7.060634099255819365e+02
2.022546347172553169e+03 1.258375754744278478e-02 1.620031479793020979e-01 6.968296269142937263e+02
2.022600048646450887e+03 1.197384292499555428e-02 1.627155124724746771e-01 6.876712735527490850e+02
2.022653750120348604e+03 1.136262208396435561e-02 1.634101341005544661e-01 6.785859576632509516e+02
2.022707451594246322e+03 1.075018141383631345e-02 1.640872207296250052e-01 6.695713677239921253e+02
2.022761153068144040e+03 1.013660460222850362e-02 1.647469736793752138e-01 6.606252689119587558e+02
2.022814854542041758e+03 9.521972771985692460e-03 1.653895879816582593e-01 6.517454993699991519e+02
2.022868556015939475e+03 8.906364610310713373e-03 1.660152526253334537e-01 6.429299666823410462e+02
2.022922257489837193e+03 8.289856490486351148e-03 1.666241507882536832e-01 6.341766445413919655e+02
2.022975958963734911e+03 7.672522586712216333e-03 1.672164600571952320e-01 6.254835695783057190e+02
2.023029660437632629e+03 7.054434982525784742e-03 1.677923526363861995e-01 6.168488382787753608e+02
2.023083361911530346e+03 6.435663773239418996e-03 1.683519955449655214e-01 6.082706036814814752e+02
2.023137063385427837e+03 5.816277162745162738e-03 1.688955508024266028e-01 5.997470706477571412e+02
2.023190764859325554e+03 5.196341554883038109e-03 1.694231755965483199e-01 5.912764855532183219e+02
2.023244466333223272e+03 4.575921639396907971e-03 1.699350224173854784e-01 5.828571145177252220e+02
2.023298167807120990e+03 3.955080473126955723e-03 1.704312391562550211e-01 5.744872449560219820e+02
2.023351869281018708e+03 3.333879559985921445e-03 1.709119692909482069e-01 5.661652770934664431e+02
2.023405570754916425e+03 2.712378929115950507e-03 1.713773521922192511e-01 5.578897253434868162e+02
2.023459272228814143e+03 2.090637205142913298e-03 1.718275233000045865e-01 5.496591221267361789e+02
2.023512973702711861e+03 1.468711673128260528e-03 1.722626141946953515e-01 5.414720088650094567e+02
2.023566675176609579e+03 8.466583413642307437e-04 1.726827526864509466e-01 5.333269531436548050e+02
2.023620376650507296e+03 2.245320018085103161e-04 1.730880629240688362e-01 5.252225551879859040e+02
2.023674078124404787e+03 -3.976137121418766131e-04 1.734786655070748862e-01 5.171574486020258519e+02
2.023727779598302504e+03 -1.019726270527897055e-03 1.738546775949734446e-01 5.091302994558123487e+02
2.023781481072200222e+03 -1.641754194186749189e-03 1.742162130121371055e-01 5.011398049856579178e+02
2.023835182546097940e+03 -2.263647004499306451e-03 1.745633823481671509e-01 4.931846922396146624e+02
2.023888884019995658e+03 -2.885355175346365070e-03 1.748962930538184024e-01 4.852637167527004181e+02
2.023942585493893375e+03 -3.506830087152864629e-03 1.752150495326957880e-01 4.773756612713415279e+02
2.023996286967791093e+03 -4.128023982898177541e-03 1.755197532289234363e-01 4.695193345299155681e+02
2.024049988441688811e+03 -4.748889925971021275e-03 1.758105027109870544e-01 4.616935700780110210e+02
2.024103689915586529e+03 -5.369381759761807614e-03 1.760873937519340793e-01 4.538972251559060282e+02
2.024157391389484246e+03 -5.989454068890148752e-03 1.763505194061132653e-01 4.461291796156065743e+02
2.024211092863381964e+03 -6.609062141970306788e-03 1.765999700826146046e-01 4.383883348848813739e+02
2.024264794337279454e+03 -7.228161935821775415e-03 1.768358336155687882e-01 4.306736129718489678e+02
2.024318495811177172e+03 -7.846710041057445434e-03 1.770581953314580570e-01 4.229839555075935209e+02
2.024372197285074890e+03 -8.464663648927372649e-03 1.772671381135650093e-01 4.153183228251259607e+02
2.024425898758972608e+03 -9.081980519399360241e-03 1.774627424637048034e-01 4.076756930719225807e+02
2.024479600232870325e+03 -9.698618950360836030e-03 1.776450865613545538e-01 4.000550613546382692e+02
2.024533301706768043e+03 -1.031453774789701551e-02 1.778142463202974921e-01 3.924554389138741612e+02
2.024587003180665761e+03 -1.092969619757536322e-02 1.779702954428940831e-01 3.848758523273376113e+02
2.024640704654563478e+03 -1.154405403667917336e-02 1.781133054720804021e-01 3.773153427397000428e+02
2.024694406128461196e+03 -1.215757142733057787e-02 1.782433458411940008e-01 3.697729651176324523e+02
2.024748107602358914e+03 -1.277020893045617209e-02 1.783604839217155513e-01 3.622477875284391189e+02
2.024801809076256404e+03 -1.338192748053390092e-02 1.784647850690175008e-01 3.547388904410075838e+02
2.024855510550154122e+03 -1.399268836109578140e-02 1.785563126662010336e-01 3.472453660474549224e+02
2.024909212024051840e+03 -1.460245318089771135e-02 1.786351281660920887e-01 3.397663176047095703e+02
2.024962913497949557e+03 -1.521118385076720113e-02 1.787012911314802277e-01 3.323008587941512246e+02
2.025016614971847275e+03 -1.581884256104726036e-02 1.787548592736636077e-01 3.248481130986288008e+02
2.025070316445744993e+03 -1.642539175961432729e-02 1.787958884893641465e-01 3.174072131955412601e+02
2.025124017919642711e+03 -1.703079413042920404e-02 1.788244328960799934e-01 3.099773003649445400e+02
2.025177719393540428e+03 -1.763501257258406896e-02 1.788405448659263763e-01 3.025575239116854505e+02
2.025231420867438146e+03 -1.823801017981502987e-02 1.788442750580295781e-01 2.951470406005265090e+02
2.025285122341335864e+03 -1.883975022044097683e-02 1.788356724495162586e-01 2.877450141034008766e+02
2.025338823815233582e+03 -1.944019611770576514e-02 1.788147843651560764e-01 2.803506144577816599e+02
2.025392525289131072e+03 -2.003931143048116523e-02 1.787816565056960794e-01 2.729630175354298558e+02
2.025446226763028790e+03 -2.063705983432484112e-02 1.787363329749397933e-01 2.655814045204002696e+02
2.025499928236926507e+03 -2.123340510282281310e-02 1.786788563056050105e-01 2.582049613959957242e+02
2.025553629710824225e+03 -2.182831108924039240e-02 1.786092674840034089e-01 2.508328784392403747e+02
2.025607331184721943e+03 -2.242174170841738229e-02 1.785276059735793064e-01 2.434643497225737008e+02
2.025661032658619661e+03 -2.301366091889973930e-02 1.784339097373389416e-01 2.360985726217853085e+02
2.025714734132517378e+03 -2.360403270527433248e-02 1.783282152592089720e-01 2.287347473295643567e+02
2.025768435606415096e+03 -2.419282106069033794e-02 1.782105575643502249e-01 2.213720763738426172e+02
2.025822137080312814e+03 -2.477998996953688360e-02 1.780809702384581750e-01 2.140097641403167188e+02
2.025875838554210532e+03 -2.536550339025769527e-02 1.779394854460774889e-01 2.066470163983975397e+02
2.025929540028108022e+03 -2.594932523827691434e-02 1.777861339479578084e-01 1.992830398299605292e+02
2.025983241502005740e+03 -2.653141936902882539e-02 1.776209451174679543e-01 1.919170415600081014e+02
2.026036942975903457e+03 -2.711174956103134387e-02 1.774439469561064631e-01 1.845482286890864998e+02
2.026090644449801175e+03 -2.769027949903193550e-02 1.772551661081109564e-01 1.771758078261332230e+02
2.026144345923698893e+03 -2.826697275717011265e-02 1.770546278742004542e-01 1.697989846215504031e+02
2.026198047397596611e+03 -2.884179278214527367e-02 1.768423562244608449e-01 1.624169632997046904e+02
2.026251748871494328e+03 -2.941470287636968606e-02 1.766183738103974110e-01 1.550289461901961658e+02
2.026305450345392046e+03 -2.998566618108680984e-02 1.763827019761616266e-01 1.476341332572084752e+02
2.026359151819289764e+03 -3.055464565943000199e-02 1.761353607689763456e-01 1.402317216263362241e+02
2.026412853293187482e+03 -3.112160407940557996e-02 1.758763689487650439e-01 1.328209051081524024e+02
