2.010356112597776246e+03 -3.044422001340214151e-02 1.761885067216296119e-01 1.360035886926012267e+02
2.016819999959768893e+03 -6.361795172383898078e-02 5.205460673237972263e-02 -1.361772139390577422e+03
2.016890731237302134e+03 -6.298654092640287860e-02 4.930718854337658164e-02 -1.406491799747876485e+03
2.016961462514835148e+03 -6.228942578121360318e-02 4.650838298618324707e-02 -1.453870282052083439e+03
2.017032193792368162e+03 -6.152105387148442545e-02 4.365642835861195670e-02 -1.504220978444133834e+03
2.017102925069901175e+03 -6.067506807754536463e-02 4.074946152091672713e-02 -1.557917942980591079e+03
2.017173656347434189e+03 -5.974413574748960176e-02 3.778551993688934740e-02 -1.615401645370991673e+03
2.017244387624967203e+03 -5.871973386710886006e-02 3.476255306356085262e-02 -1.677198289859439228e+03
2.017315118902500217e+03 -5.759186697603415478e-02 3.167844297223607747e-02 -1.743942833121520380e+03
2.017385850180033231e+03 -5.634869463792509248e-02 2.853104269719613367e-02 -1.816409357477259391e+03
2.017456581457566244e+03 -5.497603134391191443e-02 2.531824409674141713e-02 -1.895551558072459329e+03
2.017527312735099486e+03 -5.345666829812353166e-02 2.203809785657951867e-02 -1.982554190733193309e+03
2.017598044012632499e+03 -5.176941084628015888e-02 1.868901209584890658e-02 -2.078929103964318529e+03
2.017668775290165513e+03 -4.988769601396391556e-02 1.527009685144437197e-02 -2.186610464271464480e+03
2.017739506567698527e+03 -4.777757242192230691e-02 1.178178063271516363e-02 -2.308116249112687910e+03
2.017810237845231541e+03 -4.539461090821385325e-02 8.226920922211800394e-03 -2.446773819778084999e+03
2.017880969122764554e+03 -4.267901359686034068e-02 4.612891013898509987e-03 -2.607024509337168638e+03
2.017951700400297568e+03 -3.954754459878053602e-02 9.557013830819724920e-04 -2.794798805252351940e+03
2.018022431677830582e+03 -3.587939298295466511e-02 -2.711343068277916046e-03 -3.017786051864988622e+03
2.018093162955363823e+03 -3.149024157165009746e-02 -6.317871075816694146e-03 -3.284348267914876487e+03
2.018163894232896837e+03 -2.608237039582897085e-02 -9.706482366475996035e-03 -3.595380620168892165e+03
2.018234625510429851e+03 -1.915165722050563707e-02 -1.249110266760617045e-02 -3.897557839391351536e+03
2.018305356787962864e+03 -9.909434110075521565e-03 -1.363500054469868328e-02 -3.834375114734856652e+03
2.018376088065495878e+03 1.829263499161324930e-03 -1.081013412465190067e-02 -2.221709365467021598e+03
2.018446819343028892e+03 1.276342294921791083e-02 -3.254271385882079749e-03 2.129952391983924258e+02
2.018517550620561906e+03 2.029175258550995620e-02 5.585043114179188278e-03 1.353024109651583558e+03
2.018588281898094920e+03 2.531119173305420786e-02 1.386049505482283770e-02 1.741109683503472297e+03
2.018659013175627933e+03 2.883237211286316173e-02 2.135419719196631969e-02 1.864473727180233254e+03
2.018729744453161175e+03 3.141222162389166461e-02 2.816559175614135116e-02 1.889581523538695592e+03
2.018800475730694188e+03 3.335656987628566467e-02 3.441409332482429917e-02 1.874734260525747686e+03
2.018871207008227202e+03 3.484585737192560928e-02 4.019681597715128035e-02 1.842832794826125564e+03
2.018941938285760216e+03 3.599413670837169760e-02 4.558836449478523289e-02 1.803786998048924488e+03
2.019012669563293230e+03 3.687770657780731903e-02 5.064605458262112087e-02 1.762195687719337002e+03
2.019083400840826243e+03 3.755002506458601091e-02 5.541458034151976186e-02 1.720281832403242561e+03
2.019154132118359257e+03 3.804995132282253112e-02 5.992938035819510290e-02 1.679132920736939241e+03
2.019224863395892271e+03 3.840660531630775421e-02 6.421902927312751752e-02 1.639267531389937631e+03
2.019295594673425285e+03 3.864236907741595145e-02 6.830692575829723501e-02 1.600908772770562564e+03
2.019366325950958526e+03 3.877481307552865103e-02 7.221248976944713571e-02 1.564121806723819191e+03
2.019437057228491540e+03 3.881798886705006835e-02 7.595204753563611355e-02 1.528894706986898882e+03
2.019507788506024553e+03 3.878331586315197227e-02 7.953948341690954271e-02 1.495170557408105424e+03
2.019578519783557567e+03 3.868019938551234271e-02 8.298671585570759068e-02 1.462871643471892185e+03
2.019649251061090581e+03 3.851647966779023907e-02 8.630406593456292630e-02 1.431912058120529537e+03
2.019719982338623595e+03 3.829876232548998227e-02 8.950054231145564143e-02 1.402204533039807302e+03
2.019790713616156609e+03 3.803266583395360084e-02 9.258406414135868234e-02 1.373663999722700510e+03
2.019861444893689622e+03 3.772300859930868139e-02 9.556163455531908879e-02 1.346208278875015594e+03
2.019932176171222636e+03 3.737395535454771101e-02 9.843948440437881586e-02 1.319763261975919249e+03
2.020002907448755877e+03 3.698913313559031024e-02 1.012231925287217366e-01 1.294259426815310462e+03
2.020073638726288891e+03 3.657171945119926798e-02 1.039177750015155416e-01 1.269632210090442413e+03
2.020144370003821905e+03 3.612451405225215739e-02 1.065277617809682748e-01 1.245822232329449889e+03
2.020215101281354919e+03 3.564999700460171062e-02 1.090572606824904284e-01 1.222774974215850762e+03
2.020285832558887932e+03 3.515037599425235859e-02 1.115100108853644412e-01 1.200440411046279905e+03
2.020356563836420946e+03 3.462762517728529277e-02 1.138894279874403115e-01 1.178772636510248503e+03
2.020427295113953960e+03 3.408351726560108347e-02 1.161986419728026770e-01 1.157729245051629732e+03
2.020498026391486974e+03 3.351964963416771692e-02 1.184405273882423587e-01 1.137270437327435275e+03
2.020568757669019988e+03 3.293746759161979287e-02 1.206177338452513598e-01 1.117361677821297690e+03
2.020639488946553229e+03 3.233828410942128639e-02 1.227327127964909920e-01 1.097970455645115635e+03
2.020710220224086243e+03 3.172329516576224279e-02 1.247877358195648434e-01 1.079066513258135728e+03
2.020780951501619256e+03 3.109359340719555082e-02 1.267849124633141922e-01 1.060621900688856840e+03
2.020851682779152270e+03 3.045017992420229191e-02 1.287262060498361727e-01 1.042610765673396600e+03
2.020922414056685284e+03 2.979397439629892161e-02 1.306134475334192191e-01 1.025009160688028487e+03
2.020993145334218298e+03 2.912582387029204189e-02 1.324483476988733421e-01 1.007794869485929439e+03
2.021063876611751311e+03 2.844651038738450419e-02 1.342325079365672413e-01 9.909472511438729043e+02
2.021134607889284325e+03 2.775675763528010626e-02 1.359674297884458372e-01 9.744470947654783686e+02
2.021205339166817566e+03 2.705723674397255904e-02 1.376545232945241837e-01 9.582763316948759211e+02
2.021276070444350580e+03 2.634857112035361715e-02 1.392951130969590501e-01 9.424173635411486885e+02
2.021346801721883594e+03 2.563134111717510488e-02 1.408904459036582346e-01 9.268551572190862089e+02
2.021417532999416608e+03 2.490608862983635305e-02 1.424416997590852718e-01 9.115756181446035953e+02
2.021488264276949621e+03 2.417332028472066879e-02 1.439499877796514282e-01 8.965650901103305159e+02
2.021558995554482635e+03 2.343351048670789388e-02 1.454163625568625495e-01 8.818107343759928654e+02
2.021629726832015649e+03 2.268710422369931215e-02 1.468418205871948601e-01 8.673004886692441460e+02
2.021700458109548663e+03 2.193451957848112019e-02 1.482273063037540528e-01 8.530230066190729303e+02
2.021771189387081677e+03 2.117614998102106821e-02 1.495737157363385139e-01 8.389676020759396806e+02
2.021841920664614918e+03 2.041236623279990559e-02 1.508818998405220546e-01 8.251241985031258537e+02
2.021912651942147932e+03 1.964351833045966875e-02 1.521526675316933752e-01 8.114832829333197424e+02
2.021983383219680945e+03 1.886993711231214205e-02 1.533867884554567518e-01 7.980358640133484869e+02
2.022054114497213959e+03 1.809193574808199909e-02 1.545849955218048521e-01 7.847734336009988283e+02
2.022124845774746973e+03 1.730981108937579629e-02 1.557479872254545206e-01 7.716879297102713053e+02
2.022195577052279987e+03 1.652384489353420430e-02 1.568764297477910352e-01 7.587716750854020802e+02
2.022266308329813000e+03 1.573430490771796433e-02 1.579709585945904826e-01 7.460171048173276631e+02
2.022337039607346014e+03 1.494144580063668654e-02 1.590321794707883485e-01 7.334168466349780147e+02
2.022407770884879028e+03 1.414551023968444073e-02 1.600606713098317868e-01 7.209648488458683460e+02
2.022478502162412269e+03 1.334672985059169245e-02 1.610569890171128227e-01 7.086551571772920397e+02
2.022549233439945283e+03 1.254532589696534355e-02 1.620216639354086219e-01 6.964818484397482052e+02
2.022619964717478297e+03 1.174150996732263239e-02 1.629552048577614931e-01 6.844392413337146763e+02
2.022690695995011311e+03 1.093548463140407538e-02 1.638580992183432672e-01 6.725219069442933915e+02
2.022761427272544324e+03 1.012744404696246103e-02 1.647308142230866079e-01 6.607246546218894991e+02
2.022832158550077338e+03 9.317574519658781626e-03 1.655737979025437567e-01 6.490425169498385003e+02
2.022902889827610352e+03 8.506055020303436229e-03 1.663874800916834429e-01 6.374707356527774209e+02
2.022973621105143366e+03 7.693057663371820690e-03 1.671722733425468621e-01 6.260047485102307974e+02
2.023044352382676379e+03 6.878748150325086214e-03 1.679285737752309049e-01 6.146401772014185099e+02
2.023115083660209621e+03 6.063286180896024918e-03 1.686567618721708239e-01 6.033728160029054379e+02
2.023185814937742634e+03 5.246825835180470889e-03 1.693572032202070587e-01 5.921986212671951080e+02
2.023256546215275648e+03 4.429515929090345645e-03 1.700302492045162595e-01 5.811137016169158187e+02
2.023327277492808662e+03 3.611500345465129720e-03 1.706762376580999996e-01 5.701143087944737999e+02
2.023398008770341676e+03 2.792918342921031118e-03 1.712954934701905463e-01 5.591968291080956988e+02
2.023468740047874689e+03 1.973904844313407233e-03 1.718883291565883598e-01 5.483577753956826655e+02
2.023539471325407703e+03 1.154590706508956417e-03 1.724550453945027650e-01 5.375937793059090382e+02
2.023610202602940717e+03 3.351029730089019024e-04 1.729959315232866002e-01 5.269015830814254286e+02
2.023680933880473731e+03 -4.844348891484218317e-04 1.735112660078635127e-01 5.162780272544588342e+02
2.023751665158006972e+03 -1.303902766680840354e-03 1.740013168434275115e-01 5.057200208774117414e+02
2.023822396435539986e+03 -2.123183689126794099e-03 1.744663418348812167e-01 4.952244757832754658e+02
2.023893127713073000e+03 -2.942163626685316731e-03 1.749065887637397954e-01 4.847883321626021598e+02
2.023963858990606013e+03 -3.760731302668729719e-03 1.753222959480755239e-01 4.744088396527823761e+02
2.024034590268139027e+03 -4.578778027334966250e-03 1.757136931589705908e-01 4.640834830952945254e+02
2.024105321545672041e+03 -5.396197537408748725e-03 1.760810019765314538e-01 4.538097312406456467e+02
2.024176052823205055e+03 -6.212885837770526151e-03 1.764244358773737753e-01 4.435850490982993506e+02
2.024246784100738068e+03 -7.028741051358392174e-03 1.767442004212077256e-01 4.334069430673472425e+02
2.024317515378271310e+03 -7.843663277628108721e-03 1.770404934968136113e-01 4.232729743644531482e+02
2.024388246655804323e+03 -8.657554458418453835e-03 1.773135055754183342e-01 4.131807598896887157e+02
2.024458977933337337e+03 -9.470318250399713256e-03 1.775634199554693704e-01 4.031279698506014597e+02
2.024529709210870351e+03 -1.028185990351818645e-02 1.777904129952989354e-01 3.931123246891644385e+02
2.024600440488403365e+03 -1.109208614495196810e-02 1.779946543333708608e-01 3.831315919418381668e+02
2.024671171765936379e+03 -1.190090506814523753e-02 1.781763070965570461e-01 3.731835831838736794e+02
2.024741903043469392e+03 -1.270822602652584878e-02 1.783355280970492784e-01 3.632661510894874937e+02
2.024812634321002406e+03 -1.351395953154154936e-02 1.784724680185133805e-01 3.533771866092085929e+02
2.024883365598535420e+03 -1.431801715467161812e-02 1.785872715920684417e-01 3.435146162581014551e+02
2.024954096876068661e+03 -1.512031143309647448e-02 1.786800777626263437e-01 3.336763995068697000e+02
2.025024828153601675e+03 -1.592075577872959988e-02 1.787510198460975364e-01 3.238605262676871348e+02
2.025095559431134689e+03 -1.671926439032980077e-02 1.788002256779301913e-01 3.140650144669897941e+02
2.025166290708667702e+03 -1.751575216843309288e-02 1.788278177534123325e-01 3.042879076977655473e+02
2.025237021986200716e+03 -1.831013463285740064e-02 1.788339133601466735e-01 2.945272729443265689e+02
2.025307753263733730e+03 -1.910232784254729810e-02 1.788186247030635612e-01 2.847811983728772702e+02
2.025378484541266744e+03 -1.989224831753647407e-02 1.787820590223257455e-01 2.750477911815378320e+02
2.025449215818799757e+03 -2.067981296282123821e-02 1.787243187044449400e-01 2.653251755037751991e+02
2.025519947096332771e+03 -2.146493899394389185e-02 1.786455013869073238e-01 2.556114903594501868e+02
2.025590678373866012e+03 -2.224754386409608098e-02 1.785457000565882912e-01 2.459048876479499199e+02
2.025661409651399026e+03 -2.302754519256224389e-02 1.784250031422106586e-01 2.362035301780273642e+02
2.025732140928932040e+03 -2.380486069432505292e-02 1.782834946010873056e-01 2.265055897292388920e+02
2.025802872206465054e+03 -2.457940811066740977e-02 1.781212540003652145e-01 2.168092451399278673e+02
2.025873603483998068e+03 -2.535110514060738215e-02 1.779383565929777977e-01 2.071126804169023785e+02
2.025944334761531081e+03 -2.611986937300508557e-02 1.777348733884877852e-01 1.974140828620641628e+02
2.026015066039064095e+03 -2.688561821919394773e-02 1.775108712190001659e-01 1.877116412112532657e+02
2.026085797316597109e+03 -2.764826884597873513e-02 1.772664128002974793e-01 1.780035437807624135e+02
2.026156528594130123e+03 -2.840773810885661652e-02 1.770015567883476415e-01 1.682879766169218385e+02
2.026227259871663364e+03 -2.916394248531454028e-02 1.767163578313117045e-01 1.585631216442068592e+02
2.026297991149196378e+03 -2.991679800805846154e-02 1.764108666171765871e-01 1.488271548073443569e+02
2.026368722426729391e+03 -3.066622019803022861e-02 1.760851299171158069e-01 1.390782442028611285e+02
2.026439453704262405e+03 -3.141212399706998920e-02 1.757391906246836277e-01 1.293145481954797447e+02
2.026510184981795419e+03 -3.215442370007979417e-02 1.753730877909191466e-01 1.195342135147091938e+02
2.026580916259328433e+03 -3.289303288654454871e-02 1.749868566554443894e-01 1.097353733269022342e+02
2.026651647536861446e+03 -3.362786435126290802e-02 1.745805286736203110e-01 9.991614527797180756e+01
2.026722378814394460e+03 -3.435883003414173104e-02 1.741541315398160705e-01 9.007462950179302652e+01
2.026793110091927701e+03 -3.508584094890222077e-02 1.737076892068376288e-01 8.020890658920079375e+01
2.026863841369460715e+03 -3.580880711054301724e-02 1.732412219015561639e-01 7.031703551234886618e+01
2.026934572646993729e+03 -3.652763746140407636e-02 1.727547461367620052e-01 6.039705149892712654e+01
2.027005303924526743e+03 -3.724223979566539111e-02 1.722482747192634611e-01 5.044696385061887867e+01
2.027076035202059757e+03 -3.795252068211488888e-02 1.717218167542413909e-01 4.046475369982545089e+01
2.027146766479592770e+03 -3.865838538501136651e-02 1.711753776458579124e-01 3.044837169847389546e+01
2.027217497757125784e+03 -3.935973778285772190e-02 1.706089590941152478e-01 2.039573563242548815e+01
2.027288229034658798e+03 -4.005648028490066404e-02 1.700225590879421433e-01 1.030472795458116941e+01
2.027358960312191812e+03 -4.074851374515683217e-02 1.694161718944860173e-01 1.731932294815753393e-01
2.027429691589725053e+03 -4.143573737375799010e-02 1.687897880445708987e-01 -1.000106451824947307e+01
2.027500422867258067e+03 -4.211804864540048127e-02 1.681433943142775778e-01 -2.022028455975401684e+01
2.027571154144791080e+03 -4.279534320466827496e-02 1.674769737025911809e-01 -3.048675233068674117e+01
2.027641885422324094e+03 -4.346751476799056574e-02 1.667905054050479730e-01 -4.080280242206247721e+01
2.027712616699857108e+03 -4.413445502197745757e-02 1.660839647833090016e-01 -5.117082170298991173e+01
2.027783347977390122e+03 -4.479605351786503792e-02 1.653573233305694334e-01 -6.159325258577260342e+01
2.027854079254923136e+03 -4.545219756178205117e-02 1.646105486327113510e-01 -7.207259644457283798e+01
2.027924810532456149e+03 -4.610277210053499719e-02 1.638436043250861840e-01 -8.261141719967591257e+01
2.027995541809989163e+03 -4.674765960258869119e-02 1.630564500448041243e-01 -9.321234508028884136e+01
2.028066273087522404e+03 -4.738673993389247441e-02 1.622490413784029584e-01 -1.038780805796741902e+02
2.028137004365055418e+03 -4.801989022818854008e-02 1.614213298047387501e-01 -1.146113986176465147e+02
2.028207735642588432e+03 -4.864698475140267347e-02 1.605732626329441637e-01 -1.254151529263583456e+02
2.028278466920121446e+03 -4.926789475969810261e-02 1.597047829352737092e-01 -1.362922806764668451e+02
2.028349198197654459e+03 -4.988248835073844090e-02 1.588158294746451482e-01 -1.472458073611707050e+02
2.028419929475187473e+03 -5.049063030767320104e-02 1.579063366266769963e-01 -1.582788519538412970e+02
2.028490660752720487e+03 -5.109218193533416469e-02 1.569762342960116241e-01 -1.693946323446729991e+02
2.028561392030253501e+03 -5.168700088810387894e-02 1.560254478267726896e-01 -1.805964710176606616e+02
2.028632123307786514e+03 -5.227494098896409702e-02 1.550538979072136336e-01 -1.918878007518443098e+02
2.028702854585319756e+03 -5.285585203951408129e-02 1.540615004695473356e-01 -2.032721694114982824e+02
2.028773585862852769e+03 -5.342957962204421263e-02 1.530481665897077403e-01 -2.147532400286269763e+02
2.028844317140385783e+03 -5.399596489980866554e-02 1.520138024058387272e-01 -2.263347728767127762e+02
2.028915048417918797e+03 -5.455484443443447962e-02 1.509583091084329698e-01 -2.380205707002264717e+02
2.028985779695451811e+03 -5.510605002054504153e-02 1.498815829981942072e-01 -2.498145123796668372e+02
2.029056510972984825e+03 -5.564940838928320033e-02 1.487835152049461207e-01 -2.617208767874033697e+02
2.029127242250517838e+03 -5.618474076184695742e-02 1.476639910436208791e-01 -2.737443024228251147e+02
2.029197973528050852e+03 -5.671186254728780018e-02 1.465228898141785197e-01 -2.858895036617806227e+02
2.029268704805583866e+03 -5.723058311454450042e-02 1.453600848329572870e-01 -2.981612962099021615e+02
2.029339436083117107e+03 -5.774070550940452184e-02 1.441754433483009301e-01 -3.105646690935098491e+02
2.029410167360650121e+03 -5.824202612583392891e-02 1.429688263751658917e-01 -3.231048175410356862e+02
2.029480898638183135e+03 -5.873433434822336596e-02 1.417400884984903742e-01 -3.357871612790208928e+02
2.029551629915716148e+03 -5.921741216835243321e-02 1.404890776597463031e-01 -3.486173601128408563e+02
2.029622361193249162e+03 -5.969103377637580143e-02 1.392156349292974493e-01 -3.616013298433659315e+02
2.029693092470782176e+03 -6.015496512391727696e-02 1.379195942643940409e-01 -3.747452592597953185e+02
2.029763823748315190e+03 -6.060896345692599191e-02 1.366007822519946235e-01 -3.880556284537518650e+02
2.029834555025848204e+03 -6.105277681565583064e-02 1.352590178354237394e-01 -4.015392286102332946e+02
2.029905286303381217e+03 -6.148614349885149488e-02 1.338941120237586990e-01 -4.152031834264834060e+02
2.029976017580914458e+03 -6.190879148891621081e-02 1.325058675827428256e-01 -4.290549723231980579e+02
2.030046748858447472e+03 -6.232043783448382862e-02 1.310940787059176604e-01 -4.431024556310439380e+02
2.030117480135980486e+03 -6.272078798643587749e-02 1.296585306645472169e-01 -4.573539019570915798e+02
2.030188211413513500e+03 -6.310953508296458792e-02 1.281989994347881856e-01 -4.718180179582656706e+02
2.030258942691046514e+03 -6.348635917879026647e-02 1.267152513004315695e-01 -4.865039807512134189e+02
2.030329673968579527e+03 -6.385092641319552176e-02 1.252070424295970430e-01 -5.014214729146161744e+02
2.030400405246112541e+03 -6.420288811215875413e-02 1.236741184260403831e-01 -5.165807163103946777e+02
2.030471136523645555e+03 -6.454187983483838931e-02 1.221162138852609491e-01 -5.319924563680930305e+02
2.030541867801178796e+03 -6.486752050193769770e-02 1.205330522231699147e-01 -5.476676414844829424e+02
2.030612599078711810e+03 -6.517941160239125453e-02 1.189243457618929939e-01 -5.636179581341564244e+02
2.030683330356244824e+03 -6.547713521937000014e-02 1.172897937624590020e-01 -5.798569716100857931e+02
2.030754061633777837e+03 -6.576025238063400169e-02 1.156290812791931910e-01 -5.963986183897147839e+02
2.030824792911310851e+03 -6.602830195003164815e-02 1.139418791852993551e-01 -6.132574655260086729e+02
2.030895524188843865e+03 -6.628079909570702699e-02 1.122278436063005869e-01 -6.304490025361253629e+02
2.030966255466376879e+03 -6.651723352672204992e-02 1.104866151553576398e-01 -6.479897464238158591e+02
2.031036986743909893e+03 -6.673706755185146444e-02 1.087178180988066234e-01 -6.658973359183459024e+02
2.031107718021442906e+03 -6.693973394617334927e-02 1.069210594581618406e-01 -6.841906347677963822e+02
2.031178449298976147e+03 -6.712463360230792875e-02 1.050959280437601256e-01 -7.028898468175701737e+02
2.031249180576509161e+03 -6.729113293926054784e-02 1.032419934139528206e-01 -7.220166446145865393e+02
2.031319911854042175e+03 -6.743856103771837807e-02 1.013588047530770281e-01 -7.415943134701409463e+02
2.031390643131575189e+03 -6.756620646584482470e-02 9.944588966078150849e-02 -7.616479131679567445e+02
2.031461374409108203e+03 -6.767331375453941589e-02 9.750275284543055698e-02 -7.822044577792324844e+02
2.031532105686641216e+03 -6.775907949462041391e-02 9.552887474222483688e-02 -8.032930477999227605e+02
2.031602836964174230e+03 -6.782264837150134285e-02 9.352371056336583610e-02 -8.249442860472864822e+02
2.031673568241707244e+03 -6.786310889222148257e-02 9.148668947915009064e-02 -8.471921523516466550e+02
2.031744299519240258e+03 -6.787948600854935843e-02 8.941721020266768516e-02 -8.700749430672442486e+02
2.031815030796773499e+03 -6.787073516203537271e-02 8.731463942015017798e-02 -8.936332718233335299e+02
2.031885762074306513e+03 -6.783573582855757789e-02 8.517831042966764188e-02 -9.179113302538752350e+02
2.031956493351839526e+03 -6.777328363158377500e-02 8.300752089715508764e-02 -9.429574571493319581e+02
2.032027224629372540e+03 -6.768208133736981769e-02 8.080153036754070262e-02 -9.688246651477351179e+02
2.032097955906905554e+03 -6.756072858058785602e-02 7.855955756003804580e-02 -9.955712473900845225e+02
2.032168687184438568e+03 -6.740771009755455734e-02 7.628077743103139907e-02 -1.023261483504488638e+03
2.032239418461971582e+03 -6.722138219550342908e-02 7.396431798673305802e-02 -1.051966464660628844e+03
2.032310149739504595e+03 -6.699995713100524719e-02 7.160925683352700744e-02 -1.081765044770083023e+03
2.032380881017037609e+03 -6.674148528026895011e-02 6.921461775555214080e-02 -1.112744202664343220e+03
2.032451612294570850e+03 -6.644383552642800506e-02 6.677936823493388352e-02 -1.145000862078414002e+03
2.032522343572103864e+03 -6.610466792428414118e-02 6.430241239308258361e-02 -1.178646666892209851e+03
2.032593074849636878e+03 -6.572140415111775436e-02 6.178258605964130623e-02 -1.213805600913205808e+03
2.032663806127169892e+03 -6.529119397618764198e-02 5.921865301432050616e-02 -1.250617643426168570e+03
2.032734537404702905e+03 -6.481087403179199014e-02 5.660929995037335127e-02 -1.289241795099762612e+03
2.032805268682235919e+03 -6.427691822012181200e-02 5.395313127862420149e-02 -1.329859560881929610e+03
2.032875999959768933e+03 -6.368537768965495949e-02 5.124866399881469747e-02 -1.372679240953545104e+03
