2.010356112597776246e+03 -3.044422001340214151e-02 1.761885067216296119e-01 1.360035886926012267e+02
2.010409814071673964e+03 -3.101002131002207271e-02 1.759228686625524396e-01 1.285945037311317662e+02
2.010463515545571681e+03 -3.157377134233147614e-02 1.756455936058467227e-01 1.211756106583976873e+02
2.010517217019469399e+03 -3.213543226543778830e-02 1.753566968360798506e-01 1.137460933091317798e+02
2.010570918493367117e+03 -3.269496597951668249e-02 1.750561923782190388e-01 1.063051303986681404e+02
2.010624619967264834e+03 -3.325233411215824247e-02 1.747440930036673334e-01 9.885189502432636743e+01
2.010678321441162325e+03 -3.380749800051308096e-02 1.744204102355645936e-01 9.138555415958633432e+01
2.010732022915060043e+03 -3.436041867323301469e-02 1.740851543533469548e-01 8.390526814007425571e+01
2.010785724388957760e+03 -3.491105683214689587e-02 1.737383343965983595e-01 7.641019014108248086e+01
2.010839425862855478e+03 -3.545937283369633014e-02 1.733799581681631508e-01 6.889946564516070282e+01
2.010893127336753196e+03 -3.600532667007145388e-02 1.730100322365463461e-01 6.137223189944405988e+01
2.010946828810650914e+03 -3.654887795003884665e-02 1.726285619375960145e-01 5.382761736164687250e+01
2.011000530284548631e+03 -3.708998587943267838e-02 1.722355513754676992e-01 4.626474113387445897e+01
2.011054231758446349e+03 -3.762860924128358375e-02 1.718310034228724414e-01 3.868271238332848583e+01
2.011107933232344067e+03 -3.816470637556084594e-02 1.714149197206047692e-01 3.108062974892441943e+01
2.011161634706241784e+03 -3.869823515849895451e-02 1.709873006763523162e-01 2.345758073283894163e+01
2.011215336180139275e+03 -3.922915298147994223e-02 1.705481454627813809e-01 1.581264107594938650e+01
2.011269037654036993e+03 -3.975741672945434790e-02 1.700974520148852143e-01 8.144874115890267774e+00
2.011322739127934710e+03 -4.028298275883952090e-02 1.696352170266162418e-01 4.533301270542479111e-01
2.011376440601832428e+03 -4.080580687490657082e-02 1.691614359467599193e-01 -7.262954359294685247e+00
2.011430142075730146e+03 -4.132584430859181923e-02 1.686761029740668771e-01 -1.500495725557462912e+01
2.011483843549627863e+03 -4.184304969271236685e-02 1.681792110516291683e-01 -2.277367164061225679e+01
2.011537545023525581e+03 -4.235737703754666877e-02 1.676707518604856617e-01 -3.057010650586467193e+01
2.011591246497423299e+03 -4.286877970574708846e-02 1.671507158124488079e-01 -3.839528752660557842e+01
2.011644947971321017e+03 -4.337721038654204775e-02 1.666190920421414257e-01 -4.625025785952838220e+01
2.011698649445218734e+03 -4.388262106919193356e-02 1.660758683982272166e-01 -5.413607896837564937e+01
2.011752350919116452e+03 -4.438496301565359597e-02 1.655210314338194932e-01 -6.205383147919251030e+01
2.011806052393013942e+03 -4.488418673241013207e-02 1.649545663960580999e-01 -7.000461606688475058e+01
2.011859753866911660e+03 -4.538024194143094880e-02 1.643764572148184722e-01 -7.798955437504697841e+01
2.011913455340809378e+03 -4.587307755018397992e-02 1.637866864905711262e-01 -8.600978997040492402e+01
2.011967156814707096e+03 -4.636264162069056449e-02 1.631852354813265737e-01 -9.406648933444613192e+01
2.012020858288604813e+03 -4.684888133753923461e-02 1.625720840886742957e-01 -1.021608428937410196e+02
2.012074559762502531e+03 -4.733174297481495402e-02 1.619472108428830492e-01 -1.102940660912391024e+02
2.012128261236400249e+03 -4.781117186188358487e-02 1.613105928870427197e-01 -1.184674005006695552e+02
2.012181962710297967e+03 -4.828711234796952134e-02 1.606622059602129948e-01 -1.266821149863515501e+02
2.012235664184195684e+03 -4.875950776546287418e-02 1.600020243795655939e-01 -1.349395069108170162e+02
2.012289365658093402e+03 -4.922830039188647727e-02 1.593300210214790291e-01 -1.432409033928018118e+02
2.012343067131990892e+03 -4.969343141045048234e-02 1.586461673015676088e-01 -1.515876626183039093e+02
2.012396768605888610e+03 -5.015484086912925382e-02 1.579504331535928618e-01 -1.599811752078415168e+02
2.012450470079786328e+03 -5.061246763815171329e-02 1.572427870072663214e-01 -1.684228656425366353e+02
2.012504171553684046e+03 -5.106624936586007940e-02 1.565231957648551830e-01 -1.769141937531495046e+02
2.012557873027581763e+03 -5.151612243281739750e-02 1.557916247765917250e-01 -1.854566562752442564e+02
2.012611574501479481e+03 -5.196202190408137633e-02 1.550480378148347549e-01 -1.940517884747359290e+02
2.012665275975377199e+03 -5.240388147954173209e-02 1.542923970469402828e-01 -2.027011658482038001e+02
2.012718977449274917e+03 -5.284163344221477765e-02 1.535246630067994000e-01 -2.114064059027709561e+02
2.012772678923172634e+03 -5.327520860438178518e-02 1.527447945649934025e-01 -2.201691700208099292e+02
2.012826380397070352e+03 -5.370453625145021198e-02 1.519527488975163099e-01 -2.289911654151953542e+02
2.012880081870968070e+03 -5.412954408340933665e-02 1.511484814530087706e-01 -2.378741471813452222e+02
2.012933783344865560e+03 -5.455015815374206906e-02 1.503319459184471185e-01 -2.468199204528537223e+02
2.012987484818763278e+03 -5.496630280565620308e-02 1.495030941832050930e-01 -2.558303426683530120e+02
2.013041186292660996e+03 -5.537790060545276505e-02 1.486618763014661004e-01 -2.649073259572066945e+02
2.013094887766558713e+03 -5.578487227289952166e-02 1.478082404528485994e-01 -2.740528396536791433e+02
2.013148589240456431e+03 -5.618713660840288920e-02 1.469421329012091659e-01 -2.832689129487553714e+02
2.013202290714354149e+03 -5.658461041679677117e-02 1.460634979515193776e-01 -2.925576376904921858e+02
2.013255992188251867e+03 -5.697720842753955378e-02 1.451722779047232292e-01 -3.019211713444402676e+02
2.013309693662149584e+03 -5.736484321109678458e-02 1.442684130104703588e-01 -3.113617401266815250e+02
2.013363395136047302e+03 -5.774742509126996881e-02 1.433518414176167544e-01 -3.208816423228462895e+02
2.013417096609945020e+03 -5.812486205321464733e-02 1.424224991223691505e-01 -3.304832518072282141e+02
2.013470798083842510e+03 -5.849705964686864601e-02 1.414803199139509360e-01 -3.401690217764489148e+02
2.013524499557740228e+03 -5.886392088550098517e-02 1.405252353176265068e-01 -3.499414887124827374e+02
2.013578201031637946e+03 -5.922534613904118644e-02 1.395571745350031589e-01 -3.598032765886737820e+02
2.013631902505535663e+03 -5.958123302187497833e-02 1.385760643813791493e-01 -3.697571013330399978e+02
2.013685603979433381e+03 -5.993147627471934885e-02 1.375818292200482740e-01 -3.798057755608741672e+02
2.013739305453331099e+03 -6.027596764019488296e-02 1.365743908933843009e-01 -3.899522135887516470e+02
2.013793006927228816e+03 -6.061459573168027221e-02 1.355536686505604549e-01 -4.001994367416706382e+02
2.013846708401126534e+03 -6.094724589500449125e-02 1.345195790717535200e-01 -4.105505789661037852e+02
2.013900409875024252e+03 -6.127380006250648242e-02 1.334720359886853447e-01 -4.210088927643232068e+02
2.013954111348921970e+03 -6.159413659895751625e-02 1.324109504013553373e-01 -4.315777554695883964e+02
2.014007812822819687e+03 -6.190813013880037963e-02 1.313362303908047757e-01 -4.422606758875264177e+02
2.014061514296717178e+03 -6.221565141412031125e-02 1.302477810277525294e-01 -4.530613013357641989e+02
2.014115215770614896e+03 -6.251656707271271984e-02 1.291455042768860639e-01 -4.639834251211888159e+02
2.014168917244512613e+03 -6.281073948553279884e-02 1.280292988966657830e-01 -4.750309945000540779e+02
2.014222618718410331e+03 -6.309802654278925949e-02 1.268990603343098378e-01 -4.862081191739013661e+02
2.014276320192308049e+03 -6.337828143782331392e-02 1.257546806157526786e-01 -4.975190803782360263e+02
2.014330021666205766e+03 -6.365135243786085306e-02 1.245960482302391897e-01 -5.089683406274409094e+02
2.014383723140103484e+03 -6.391708264062519185e-02 1.234230480092106119e-01 -5.205605541850916325e+02
2.014437424614001202e+03 -6.417530971569684883e-02 1.222355609990896930e-01 -5.323005783360221130e+02
2.014491126087898920e+03 -6.442586562939438266e-02 1.210334643275310512e-01 -5.441934855446296524e+02
2.014544827561796637e+03 -6.466857635182479691e-02 1.198166310626496839e-01 -5.562445765925139085e+02
2.014598529035694355e+03 -6.490326154461299735e-02 1.185849300646943799e-01 -5.684593947957478122e+02
2.014652230509591845e+03 -6.512973422766415998e-02 1.173382258295834618e-01 -5.808437414054155852e+02
2.014705931983489563e+03 -6.534780042316025439e-02 1.160763783236434254e-01 -5.934036922924749433e+02
2.014759633457387281e+03 -6.555725877479905150e-02 1.147992428089812667e-01 -6.061456160064243477e+02
2.014813334931284999e+03 -6.575790014014770701e-02 1.135066696587381380e-01 -6.190761932837658605e+02
2.014867036405182716e+03 -6.594950715377460859e-02 1.121985041616870293e-01 -6.322024380675269413e+02
2.014920737879080434e+03 -6.613185375866237337e-02 1.108745863155811695e-01 -6.455317201005336756e+02
2.014974439352978152e+03 -6.630470470319441145e-02 1.095347506087478162e-01 -6.590717891784844369e+02
2.015028140826875870e+03 -6.646781500076631710e-02 1.081788257894332195e-01 -6.728308011989884108e+02
2.015081842300773587e+03 -6.662092934876197303e-02 1.068066346223764951e-01 -6.868173462115831853e+02
2.015135543774671305e+03 -6.676378150325509853e-02 1.054179936319893096e-01 -7.010404787469140047e+02
2.015189245248568795e+03 -6.689609360533001203e-02 1.040127128313755450e-01 -7.155097507664172554e+02
2.015242946722466513e+03 -6.701757545437866948e-02 1.025905954362025252e-01 -7.302352476226768658e+02
2.015296648196364231e+03 -6.712792372310505407e-02 1.011514375623628892e-01 -7.452276274586621412e+02
2.015350349670261949e+03 -6.722682110828998026e-02 9.969502790596597441e-02 -7.604981645180348551e+02
2.015404051144159666e+03 -6.731393541056641949e-02 9.822114740420483103e-02 -7.760587968899056932e+02
2.015457752618057384e+03 -6.738891853556813749e-02 9.672956887531615477e-02 -7.919221792749497126e+02
2.015511454091955102e+03 -6.745140540779513694e-02 9.522005663567904843e-02 -8.081017414129958070e+02
2.015565155565852820e+03 -6.750101278740286426e-02 9.369236609192790888e-02 -8.246117528280773286e+02
2.015618857039750537e+03 -6.753733797890526525e-02 9.214624330587706247e-02 -8.414673945045338996e+02
2.015672558513648255e+03 -6.755995741950115985e-02 9.058142453016285178e-02 -8.586848380253622963e+02
2.015726259987545973e+03 -6.756842513339673950e-02 8.899763571278668239e-02 -8.762813326622462000e+02
2.015779961461443463e+03 -6.756227103700722381e-02 8.739459196912434391e-02 -8.942753010201705592e+02
2.015833662935341181e+03 -6.754099907809654746e-02 8.577199702018228900e-02 -9.126864441749985417e+02
2.015887364409238899e+03 -6.750408518954491288e-02 8.412954259599839113e-02 -9.315358577409631380e+02
2.015941065883136616e+03 -6.745097503538768913e-02 8.246690780248344677e-02 -9.508461608254293651e+02
2.015994767357034334e+03 -6.738108152300469056e-02 8.078375844964426344e-02 -9.706416402450651049e+02
2.016048468830932052e+03 -6.729378205087821474e-02 7.907974633835875011e-02 -9.909484127107879203e+02
2.016102170304829770e+03 -6.718841545612128097e-02 7.735450850235806031e-02 -1.011794608037873104e+03
2.016155871778727487e+03 -6.706427861985514438e-02 7.560766640159445606e-02 -1.033210576887872321e+03
2.016209573252625205e+03 -6.692062268128495806e-02 7.383882506280901870e-02 -1.055229127051561136e+03
2.016263274726522923e+03 -6.675664880287093816e-02 7.204757216301475864e-02 -1.077885792648402685e+03
2.016316976200420413e+03 -6.657150341935755278e-02 7.023347705217800052e-02 -1.101219140687462414e+03
2.016370677674318131e+03 -6.636427289263815976e-02 6.839608971294522388e-02 -1.125271119408397908e+03
2.016424379148215849e+03 -6.613397748209884353e-02 6.653493965805978849e-02 -1.150087453419257827e+03
2.016478080622113566e+03 -6.587956452487041259e-02 6.464953476874323035e-02 -1.175718092629584589e+03
2.016531782096011284e+03 -6.559990070058932532e-02 6.273936007980036866e-02 -1.202217725240661366e+03
2.016585483569909002e+03 -6.529376322920524278e-02 6.080387651838790875e-02 -1.229646368662288523e+03
2.016639185043806719e+03 -6.495982981727736749e-02 5.884251960482793364e-02 -1.258070055488329672e+03
2.016692886517704437e+03 -6.459666712713735270e-02 5.685469812651404442e-02 -1.287561634960004994e+03
2.016746587991602155e+03 -6.420271749240438752e-02 5.483979280075581414e-02 -1.318201714482782336e+03
2.016800289465499873e+03 -6.377628353980831222e-02 5.279715495011395865e-02 -1.350079770773364089e+03
2.016853990939397590e+03 -6.331551029823459520e-02 5.072610522619639545e-02 -1.383295465081529528e+03
2.016907692413295081e+03 -6.281836427869517958e-02 4.862593243828332301e-02 -1.417960201355970639e+03
2.016961393887192799e+03 -6.228260888855959021e-02 4.649589257440462503e-02 -1.454198973445875254e+03
2.017015095361090516e+03 -6.170577538813316887e-02 4.433520814514860242e-02 -1.492152563142738018e+03
2.017068796834988234e+03 -6.108512838805525702e-02 4.214306803318673689e-02 -1.531980176558394533e+03
2.017122498308885952e+03 -6.041762460051300354e-02 3.991862810037689197e-02 -1.573862637486729227e+03
2.017176199782783669e+03 -5.969986317255990965e-02 3.766101290178224675e-02 -1.618006291172145666e+03
2.017229901256681387e+03 -5.892802541286712437e-02 3.536931900174477422e-02 -1.664647815641119905e+03
2.017283602730579105e+03 -5.809780102172912991e-02 3.304262060615182489e-02 -1.714060195259888815e+03
2.017337304204476823e+03 -5.720429697520393320e-02 3.067997855839909790e-02 -1.766560180720732887e+03
2.017391005678374540e+03 -5.624192389640202128e-02 2.828045426171690857e-02 -1.822517646167547127e+03
2.017444707152272031e+03 -5.520425289983531963e-02 2.584313088363426186e-02 -1.882367390297665452e+03
2.017498408626169748e+03 -5.408383321714047703e-02 2.336714541038610940e-02 -1.946624152173904349e+03
2.017552110100067466e+03 -5.287195693557850823e-02 2.085173700541027506e-02 -2.015901922658614012e+03
2.017605811573965184e+03 -5.155835120678956690e-02 1.829632016532100475e-02 -2.090939019889158317e+03
2.017659513047862902e+03 -5.013076918113561209e-02 1.570059621322445961e-02 -2.172630884542116291e+03
2.017713214521760619e+03 -4.857443677154112127e-02 1.306472526596557868e-02 -2.262073109785331326e+03
2.017766915995658337e+03 -4.687128988307473487e-02 1.038959588464769337e-02 -2.360617679272687383e+03
2.017820617469556055e+03 -4.499890012643032594e-02 7.677256860447427209e-03 -2.469945365425964155e+03
2.017874318943453773e+03 -4.292892533443681130e-02 4.931626559554712179e-03 -2.592155449626576228e+03
2.017928020417351490e+03 -4.062481397447907649e-02 2.159694819289703117e-03 -2.729865790646428195e+03
2.017981721891249208e+03 -3.803830142142071435e-02 -6.263631736028894489e-04 -2.886287763625058233e+03
2.018035423365146698e+03 -3.510388884748975175e-02 -3.405298094830425375e-03 -3.065147188228871073e+03
2.018089124839044416e+03 -3.172986700164485974e-02 -6.139237905653456388e-03 -3.270012886352795249e+03
2.018142826312942134e+03 -2.778339950467294261e-02 -8.758087281688880024e-03 -3.501521723696828758e+03
2.018196527786839852e+03 -2.306616113975061902e-02 -1.112500793979074622e-02 -3.747037920888854842e+03
2.018250229260737569e+03 -1.728172137133589248e-02 -1.295572013725358913e-02 -3.942393772598331907e+03
2.018303930734635287e+03 -1.004722312774761206e-02 -1.363862314894639591e-02 -3.842039336741952411e+03
2.018357632208533005e+03 -1.271461078383874033e-03 -1.204350593513458210e-02 -2.831557754368003771e+03
2.018411333682430723e+03 7.746764212108170171e-03 -7.387244218698496220e-03 -8.732523551648273497e+02
2.018465035156328440e+03 1.507643562572198032e-02 -9.108169211545406136e-04 6.359018120349866194e+02
2.018518736630226158e+03 2.043695803524808383e-02 5.793130456738276174e-03 1.368124204769266726e+03
2.018572438104123648e+03 2.437728843656928115e-02 1.213488919371481962e-02 1.689064525980297049e+03
2.018626139578021366e+03 2.736440241420464228e-02 1.801828296980407737e-02 1.826208897046330094e+03
2.018679841051919084e+03 2.969329549613386812e-02 2.347571070431871479e-02 1.878555957834394121e+03
2.018733542525816802e+03 3.154754774439810089e-02 2.856178108309653796e-02 1.889417920703673190e+03
2.018787243999714519e+03 3.304572597830265912e-02 3.332773193875902124e-02 1.879021831934611328e+03
2.018840945473612237e+03 3.426781502342171604e-02 3.781664757657060560e-02 1.857459597576534179e+03
2.018894646947509955e+03 3.526996186132157207e-02 4.206378122943686682e-02 1.830052021656215857e+03
2.018948348421407673e+03 3.609295398779944347e-02 4.609790593792472552e-02 1.799726970189157328e+03
2.019002049895305390e+03 3.676729604012127228e-02 4.994265121404845714e-02 1.768146018211248020e+03
2.019055751369203108e+03 3.731637337100874446e-02 5.361760189920910386e-02 1.736270432516454093e+03
2.019109452843100826e+03 3.775849664507278242e-02 5.713915355109602801e-02 1.704660144888696323e+03
2.019163154316998316e+03 3.810826667994907102e-02 6.052116784278046419e-02 1.673638507051315855e+03
2.019216855790896034e+03 3.837751175936677389e-02 6.377547414158636629e-02 1.643386336398049025e+03
2.019270557264793752e+03 3.857594758684587677e-02 6.691225530672423316e-02 1.613997214397613106e+03
2.019324258738691469e+03 3.871165235840449276e-02 6.994034685817868136e-02 1.585510848966149297e+03
2.019377960212589187e+03 3.879141561015062717e-02 7.286747124538435483e-02 1.557933648804732911e+03
2.019431661686486905e+03 3.882099898764138080e-02 7.570042318884132038e-02 1.531251635780988181e+03
2.019485363160384622e+03 3.880533431322005095e-02 7.844521779298196940e-02 1.505438651593471377e+03
2.019539064634282340e+03 3.874867618794491930e-02 8.110721001893948789e-02 1.480461606921288194e+03
2.019592766108180058e+03 3.865472106563494492e-02 8.369119186320292392e-02 1.456283837426279661e+03
2.019646467582077776e+03 3.852670123116008760e-02 8.620147200109194718e-02 1.432867241320897165e+03
2.019700169055975493e+03 3.836745975644769574e-02 8.864194153923027342e-02 1.410173635882866165e+03
2.019753870529872984e+03 3.817951087751243755e-02 9.101612870459714622e-02 1.388165611733169044e+03
2.019807572003770701e+03 3.796508907882666789e-02 9.332724466770421501e-02 1.366807059452857402e+03
2.019861273477668419e+03 3.772618933901556587e-02 9.557822220705836092e-02 1.346063479160998895e+03
2.019914974951566137e+03 3.746460038870293857e-02 9.777174854538815685e-02 1.325902144097722157e+03
2.019968676425463855e+03 3.718193238987421712e-02 9.991029339699247780e-02 1.306292163632790334e+03
2.020022377899361572e+03 3.687964012012250742e-02 1.019961330416193773e-01 1.287204476105284812e+03
2.020076079373259290e+03 3.655904250454872911e-02 1.040313710732193725e-01 1.268611795133077521e+03
2.020129780847157008e+03 3.622133916048148744e-02 1.060179563525927987e-01 1.250488529268998491e+03
2.020183482321054726e+03 3.586762448641032247e-02 1.079576986051482557e-01 1.232810689843628325e+03
2.020237183794952443e+03 3.549889972217335626e-02 1.098522820331720717e-01 1.215555795906395815e+03
2.020290885268849934e+03 3.511608332426909007e-02 1.117032772493909004e-01 1.198702780670204675e+03
2.020344586742747651e+03 3.472001993389046276e-02 1.135121517849222439e-01 1.182231901421076373e+03
2.020398288216645369e+03 3.431148816278939417e-02 1.152802793798779896e-01 1.166124653579253390e+03
2.020451989690543087e+03 3.389120738029165192e-02 1.170089482282228172e-01 1.150363688690130630e+03
2.020505691164440805e+03 3.345984365147267742e-02 1.186993683173996617e-01 1.134932735586892250e+03
2.020559392638338522e+03 3.301801494986976448e-02 1.203526779782743972e-01 1.119816524149784982e+03
2.020613094112236240e+03 3.256629574722469389e-02 1.219699497418587492e-01 1.105000711917504987e+03
2.020666795586133958e+03 3.210522106646818835e-02 1.235521955859668619e-01 1.090471814583513151e+03
2.020720497060031676e+03 3.163529007121539116e-02 1.251003716454620607e-01 1.076217141509744351e+03
2.020774198533929393e+03 3.115696925427003175e-02 1.266153824517670945e-01 1.062224736866353851e+03
2.020827900007827111e+03 3.067069527837489040e-02 1.280980847595200034e-01 1.048483326358710883e+03
2.020881601481724601e+03 3.017687751445852565e-02 1.295492910106293694e-01 1.034982269097091375e+03
2.020935302955622319e+03 2.967590031582175228e-02 1.309697724789792295e-01 1.021711514027374392e+03
2.020989004429520037e+03 2.916812506104421443e-02 1.323602621327293061e-01 1.008661560328682640e+03
2.021042705903417755e+03 2.865389199352945393e-02 1.337214572460035666e-01 9.958234211733102939e+02
2.021096407377315472e+03 2.813352188164576148e-02 1.350540217868206327e-01 9.831885902302507247e+02
2.021150108851213190e+03 2.760731751996987199e-02 1.363585886040988571e-01 9.707490103337089522e+02
2.021203810325110908e+03 2.707556508932143502e-02 1.376357614330685486e-01 9.584970438945465503e+02
2.021257511799008626e+03 2.653853539095403502e-02 1.388861167357979265e-01 9.464254448779261111e+02
2.021311213272906343e+03 2.599648496838852935e-02 1.401102053917619994e-01 9.345273323991937104e+02
2.021364914746804061e+03 2.544965712883540468e-02 1.413085542522209137e-01 9.227961660997673334e+02
2.021418616220701551e+03 2.489828287481416283e-02 1.424816675712530512e-01 9.112257234346670884e+02
2.021472317694599269e+03 2.434258175538072874e-02 1.436300283254171861e-01 8.998100788931209308e+02
2.021526019168496987e+03 2.378276264532504236e-02 1.447540994328597175e-01 8.885435850630123014e+02
2.021579720642394705e+03 2.321902445964208264e-02 1.458543248817532612e-01 8.774208553799406900e+02
2.021633422116292422e+03 2.265155680978459679e-02 1.469311307766795749e-01 8.664367483809954820e+02
2.021687123590190140e+03 2.208054060739033514e-02 1.479849263106634560e-01 8.555863532868985430e+02
2.021740825064087858e+03 2.150614862052764586e-02 1.490161046696236724e-01 8.448649767477799060e+02
2.021794526537985575e+03 2.092854598692422269e-02 1.500250438752036564e-01 8.342681305952615958e+02
2.021848228011883293e+03 2.034789068812913049e-02 1.510121075712068939e-01 8.237915204477044426e+02
2.021901929485781011e+03 1.976433398812837278e-02 1.519776457581986373e-01 8.134310350243389394e+02
2.021955630959678729e+03 1.917802083953874456e-02 1.529219954802417680e-01 8.031827360450909055e+02
2.022009332433576219e+03 1.858909026018572275e-02 1.538454814672518822e-01 7.930428486288494696e+02
2.022063033907473937e+03 1.799767568256930780e-02 1.547484167361002916e-01 7.830077521463732637e+02
2.022116735381371655e+03 1.740390527853920635e-02 1.556311031532736089e-01 7.730739715244463923e+02
2.022170436855269372e+03 1.680790226120135872e-02 1.564938319618536799e-01 7.632381690206917710e+02
2.022224138329167090e+03 1.620978516599321309e-02 1.573368842753369856e-01 7.534971364950652060e+02
2.022277839803064808e+03 1.560966811263304367e-02 1.581605315407753065e-01 7.438477881924751500e+02
2.022331541276962525e+03 1.500766104952309596e-02 1.589650359735727825e-01 7.342871540335879672e+02
2.022385242750860243e+03 1.440386998203062492e-02 1.597506509661206497e-01 7.248123733933725816e+02
2.022438944224757961e+03 1.379839718594434196e-02 1.605176214722864036e-01 7.154206893348623453e+02
2.022492645698655679e+03 1.319134140727720901e-02 1.612661843695988029e-01 7.061094432596304387e+02
2.022546347172553169e+03 1.258279804948109204e-02 1.619965688007992399e-01 6.968760699356429313e+02
2.022600048646450887e+03 1.197285934902424069e-02 1.627089964962886992e-01 6.877180928648806457e+02
2.022653750120348604e+03 1.136161454024340982e-02 1.634036820787952426e-01 6.786331199569331147e+02
2.022707451594246322e+03 1.074915001021912141e-02 1.640808333515647865e-01 6.696188394763796623e+02
2.022761153068144040e+03 1.013554944443825073e-02 1.647406515711482278e-01 6.606730162354986078e+02
2.022814854542041758e+03 9.520893963893790196e-03 1.653833317058195918e-01 6.517934880050336233e+02
2.022868556015939475e+03 8.905262254231240820e-03 1.660090626805377501e-01 6.429781621180341062e+02
2.022922257489837193e+03 8.288730687499063984e-03 1.666180276092808776e-01 6.342250122442834481e+02
2.022975958963734911e+03 7.671373437014719111e-03 1.672104040155036331e-01 6.255320753161357743e+02
2.023029660437632629e+03 7.053262585818538891e-03 1.677863640413974344e-01 6.168974485906376231e+02
2.023083361911530346e+03 6.434468229149954699e-03 1.683460746465826885e-01 6.083192868371775148e+02
2.023137063385427837e+03 5.815058571349804827e-03 1.688896977968100399e-01 5.997957996441249406e+02
2.023190764859325554e+03 5.195100017548611240e-03 1.694173906432324128e-01 5.913252488411148988e+02
2.023244466333223272e+03 4.574657260524519695e-03 1.699293056927319301e-01 5.829059460365523364e+02
2.023298167807120990e+03 3.953793362998764445e-03 1.704255909698405846e-01 5.745362502695603553e+02
2.023351869281018708e+03 3.332569835707198825e-03 1.709063901707003341e-01 5.662145657766945988e+02
2.023405570754916425e+03 2.711046711508419398e-03 1.713718428095249713e-01 5.579393398719392962e+02
2.023459272228814143e+03 2.089282615786083614e-03 1.718220843580004764e-01 5.497090609373746020e+02
2.023512973702711861e+03 1.467334833385478942e-03 1.722572463780287499e-01 5.415222565205566525e+02
2.023566675176609579e+03 8.452593723019873138e-04 1.726774566482035533e-01 5.333774915334040543e+02
2.023620376650507296e+03 2.231110243287337015e-04 1.730828392843831720e-01 5.252733665467275159e+02
2.023674078124404787e+03 -3.990565771455842087e-04 1.734735148546904526e-01 5.172085161740887997e+02
2.023727779598302504e+03 -1.021190902029919670e-03 1.738496004892692848e-01 5.091816075383869702e+02
2.023781481072200222e+03 -1.643240470907257654e-03 1.742112099850615103e-01 5.011913388155379607e+02
2.023835182546097940e+03 -2.265154804798338341e-03 1.745584539059091000e-01 4.932364378486532814e+02
2.023888884019995658e+03 -2.886884377129495752e-03 1.748914396782075553e-01 4.853156608278112003e+02
2.023942585493893375e+03 -3.508380567785795122e-03 1.752102716823535078e-01 4.774277910302436680e+02
2.023996286967791093e+03 -4.129595619127989989e-03 1.755150513401997348e-01 4.695716376163710493e+02
2.024049988441688811e+03 -4.750482593849739664e-03 1.758058771987227598e-01 4.617460344776366696e+02
2.024103689915586529e+03 -5.370995334573392364e-03 1.760828450100874465e-01 4.539498391322941870e+02
2.024157391389484246e+03 -5.991088425079314946e-03 1.763460478082843064e-01 4.461819316657697527e+02
2.024211092863381964e+03 -6.610717153072003319e-03 1.765955759825058036e-01 4.384412137125031563e+02
2.024264794337279454e+03 -7.229837474393394602e-03 1.768315173474092616e-01 4.307266074764201562e+02
2.024318495811177172e+03 -7.848405978612027489e-03 1.770539572104197212e-01 4.230370547873119449e+02
2.024372197285074890e+03 -8.466379855872176521e-03 1.772629784361905714e-01 4.153715161912174381e+02
2.024425898758972608e+03 -9.083716864976791941e-03 1.774586615083666441e-01 4.077289700720915562e+02
2.024479600232870325e+03 -9.700375302596269886e-03 1.776410845887586298e-01 4.001084118032945298e+02
2.024533301706768043e+03 -1.031631397355289685e-02 1.778103235740400023e-01 3.925088529269630158e+02
2.024587003180665761e+03 -1.093149216211286232e-02 1.779664521500768093e-01 3.849293203597400179e+02
2.024640704654563478e+03 -1.154586960422828400e-02 1.781095418439886668e-01 3.773688556234151292e+02
2.024694406128461196e+03 -1.215940646067139794e-02 1.782396620740324400e-01 3.698265140991597946e+02
2.024748107602358914e+03 -1.277206329100814830e-02 1.783568801974038387e-01 3.623013643041462615e+02
2.024801809076256404e+03 -1.338380102835720273e-02 1.784612615560364490e-01 3.547924871894439889e+02
2.024855510550154122e+03 -1.399458095490318729e-02 1.785528695204837979e-01 3.472989754579085115e+02
2.024909212024051840e+03 -1.460436467807729212e-02 1.786317655319556719e-01 3.398199329015468493e+02
2.024962913497949557e+03 -1.521311410741542185e-02 1.786980091425867667e-01 3.323544737566912204e+02
2.025016614971847275e+03 -1.582079143201375188e-02 1.787516580540026156e-01 3.249017220764955596e+02
2.025070316445744993e+03 -1.642735909855622817e-02 1.787927681542518243e-01 3.174608111196264986e+02
2.025124017919642711e+03 -1.703277978987507990e-02 1.788213935531641763e-01 3.100308827542208405e+02
2.025177719393540428e+03 -1.763701640400778051e-02 1.788375866161932004e-01 3.026110868761954862e+02
2.025231420867438146e+03 -1.824003203371737936e-02 1.788413979968033474e-01 2.952005808409761016e+02
2.025285122341335864e+03 -1.884178994644094760e-02 1.788328766674502357e-01 2.877985289077656148e+02
2.025338823815233582e+03 -1.944225356463745447e-02 1.788120699492054544e-01 2.804041016954257088e+02
2.025392525289131072e+03 -2.004138644649959555e-02 1.787790235400756045e-01 2.730164756491626008e+02
2.025446226763028790e+03 -2.063915226701733968e-02 1.787337815420554643e-01 2.656348325169345230e+02
2.025499928236926507e+03 -2.123551479932605027e-02 1.786763864869650720e-01 2.582583588352354127e+02
2.025553629710824225e+03 -2.183043789636338050e-02 1.786068793611041705e-01 2.508862454227721912e+02
2.025607331184721943e+03 -2.242388547277089639e-02 1.785252996287615135e-01 2.435176868817099489e+02
2.025661032658619661e+03 -2.301582148702767741e-02 1.784316852546223853e-01 2.361518811055283322e+02
2.025714734132517378e+03 -2.360620992379347527e-02 1.783260727250982614e-01 2.287880287926890901e+02
2.025768435606415096e+03 -2.419501477643060117e-02 1.782084970686157455e-01 2.214253329654416120e+02
2.025822137080312814e+03 -2.478220002968941835e-02 1.780789918748939549e-01 2.140629984929250043e+02
2.025875838554210532e+03 -2.536772964252432400e-02 1.779375893132356390e-01 2.067002316179635386e+02
2.025929540028108022e+03 -2.595156753102661681e-02 1.777843201498605086e-01 1.993362394867365879e+02
2.025983241502005740e+03 -2.653367755145535217e-02 1.776192137643030355e-01 1.919702296805776029e+02
2.026036942975903457e+03 -2.711402348331760567e-02 1.774422981649024511e-01 1.846014097495524027e+02
2.026090644449801175e+03 -2.769256901251869463e-02 1.772536000033989312e-01 1.772289867466039652e+02
2.026144345923698893e+03 -2.826927771452811960e-02 1.770531445886621424e-01 1.698521667620020708e+02
2.026198047397596611e+03 -2.884411303755345449e-02 1.768409558995661657e-01 1.624701544572545799e+02
2.026251748871494328e+03 -2.941703828569843318e-02 1.766170565970326123e-01 1.550821525978553268e+02
2.026305450345392046e+03 -2.998801660208733066e-02 1.763814680352532860e-01 1.476873615841488458e+02
2.026359151819289764e+03 -3.055701095192978750e-02 1.761342102721104863e-01 1.402849789797074891e+02
2.026412853293187482e+03 -3.112398410550920244e-02 1.758753020788042798e-01 1.328741990364964067e+02
