2.010356112597776246e+03 -3.044422001340214151e-02 1.761885067216296119e-01 1.360035886926012267e+02
2.016819999959768893e+03 -6.360054806628839819e-02 5.201717756631856621e-02 -1.362640992515675180e+03
2.016890731237302134e+03 -6.296811121031048453e-02 4.926854075833762142e-02 -1.407409070523382752e+03
2.016961462514835148e+03 -6.226988149437978626e-02 4.646847273531176659e-02 -1.454842516919705304e+03
2.017032193792368162e+03 -6.150028976350389864e-02 4.361520626111915766e-02 -1.505258139225192053e+03
2.017102925069901175e+03 -6.065296071419791490e-02 4.070687365310670519e-02 -1.559026685638964182e+03
2.017173656347434189e+03 -5.972054657332121624e-02 3.774151237817546106e-02 -1.616588462644095443e+03
2.017244387624967203e+03 -5.869450187243742401e-02 3.471706990527092390e-02 -1.678474511329729239e+03
2.017315118902500217e+03 -5.756480084259591595e-02 3.163142531087296400e-02 -1.745322324654407566e+03
2.017385850180033231e+03 -5.631956474414903657e-02 2.848242926062152097e-02 -1.817908696200069244e+03
2.017456581457566244e+03 -5.494456377188089435e-02 2.526797488462885488e-02 -1.897186656106548071e+03
2.017527312735099486e+03 -5.342252545221606863e-02 2.198611425312930329e-02 -1.984356867647798481e+03
2.017598044012632499e+03 -5.173216193257312162e-02 1.863525743336050949e-02 -2.080934312638988104e+03
2.017668775290165513e+03 -4.984679236249964229e-02 1.521452717910696043e-02 -2.188861131456671956e+03
2.017739506567698527e+03 -4.773231159644233945e-02 1.172438199483992471e-02 -2.310660807517939247e+03
2.017810237845231541e+03 -4.534406519062792601e-02 8.167735158701876913e-03 -2.449687174995081023e+03
2.017880969122764554e+03 -4.262190122191106961e-02 4.552063694497982850e-03 -2.610413558564975119e+03
2.017951700400297568e+03 -3.948200869344899860e-02 8.935851397532530412e-04 -2.798805903733763444e+03
2.018022431677830582e+03 -3.580267407158738840e-02 -2.773952022986302633e-03 -3.022579946272551751e+03
2.018093162955363823e+03 -3.139798846383785175e-02 -6.379173725146514151e-03 -3.290090457131580933e+03
2.018163894232896837e+03 -2.596733893204160662e-02 -9.762184964078747529e-03 -3.601872320550169206e+03
2.018234625510429851e+03 -1.900142545589825552e-02 -1.252993295481395590e-02 -3.902424075595087288e+03
2.018305356787962864e+03 -9.707453022135128368e-03 -1.362579028806233314e-02 -3.823719986554570824e+03
2.018376088065495878e+03 2.060165372088457354e-03 -1.070258786946971102e-02 -2.172885578111481664e+03
2.018446819343028892e+03 1.293870678948152129e-02 -3.087283881752100282e-03 2.465032495848116980e+02
2.018517550620561906e+03 2.040803942390857079e-02 5.749400343661176770e-03 1.364525332007209272e+03
2.018588281898094920e+03 2.539232476565232016e-02 1.400962288161537207e-02 1.744566885367070199e+03
2.018659013175627933e+03 2.889273997039527170e-02 2.148907070080461473e-02 1.865089634153037423e+03
2.018729744453161175e+03 3.145950750407131707e-02 2.828874255027878648e-02 1.889111382429507557e+03
2.018800475730694188e+03 3.339512497560666315e-02 3.452771076466710359e-02 1.873828605901098854e+03
2.018871207008227202e+03 3.487833625169261403e-02 4.030259709346963037e-02 1.841759042528354257e+03
2.018941938285760216e+03 3.602225121261025398e-02 4.568759882185210314e-02 1.802665442367760306e+03
2.019012669563293230e+03 3.690263666986794144e-02 5.073975962992568339e-02 1.761082710300924191e+03
2.019083400840826243e+03 3.757260835347912137e-02 5.550356036640564927e-02 1.719202804689206687e+03
2.019154132118359257e+03 3.807079349224052472e-02 6.001427008845020700e-02 1.678096050319472852e+03
2.019224863395892271e+03 3.842615386949917167e-02 6.430033526574928382e-02 1.638276769107269274e+03
2.019295594673425285e+03 3.866096650907711874e-02 6.838506613620586039e-02 1.599965191061029600e+03
2.019366325950958526e+03 3.879273091734918022e-02 7.228782249371032420e-02 1.563226583574698225e+03
2.019437057228491540e+03 3.883544201840507387e-02 7.602487528967133423e-02 1.528043403281102883e+03
2.019507788506024553e+03 3.880047383444203829e-02 7.961005966467848971e-02 1.494360541983402982e+03
2.019578519783557567e+03 3.869719940744121428e-02 8.305525909259289796e-02 1.462100361752038225e+03
2.019649251061090581e+03 3.853343388631647048e-02 8.637076611638759560e-02 1.431176941603339401e+03
2.019719982338623595e+03 3.831576188337718070e-02 8.956556303116226803e-02 1.401501460764906597e+03
2.019790713616156609e+03 3.804978331769318101e-02 9.264754277984507680e-02 1.372990018502513976e+03
2.019861444893689622e+03 3.774030521697424589e-02 9.562369494700143080e-02 1.345563119078737145e+03
2.019932176171222636e+03 3.739148405430200994e-02 9.850024143111810182e-02 1.319145480597853066e+03
2.020002907448755877e+03 3.700693848521643958e-02 1.012827494346911494e-01 1.293667232079044197e+03
2.020073638726288891e+03 3.658983834118636341e-02 1.039762230072688448e-01 1.269062764391931978e+03
2.020144370003821905e+03 3.614297572656223478e-02 1.065851781459976749e-01 1.245273136684969586e+03
2.020215101281354919e+03 3.566882555046006070e-02 1.091137140592174926e-01 1.222244928616216612e+03
2.020285832558887932e+03 3.516959149791178130e-02 1.115655634076996583e-01 1.199928243234799083e+03
2.020356563836420946e+03 3.464724433510949636e-02 1.139441360701654304e-01 1.178277272877593305e+03
2.020427295113953960e+03 3.410355392629318277e-02 1.162525571204693770e-01 1.157249862820355247e+03
2.020498026391486974e+03 3.354011545243840153e-02 1.184936975871808962e-01 1.136806289759905212e+03
2.020568757669019988e+03 3.295837188572763726e-02 1.206702023849049732e-01 1.116911615022698015e+03
2.020639488946553229e+03 3.235963425156960366e-02 1.227845190192273783e-01 1.097533691724334858e+03
2.020710220224086243e+03 3.174509693276549721e-02 1.248389158511659797e-01 1.078642331366163035e+03
2.020780951501619256e+03 3.111585119112343992e-02 1.268354995398293938e-01 1.060209636774393630e+03
2.020851682779152270e+03 3.047289690898494219e-02 1.287762307922844796e-01 1.042209797322147551e+03
2.020922414056685284e+03 2.981715266179555887e-02 1.306629379861566354e-01 1.024618674299206759e+03
2.020993145334218298e+03 2.914946410462672735e-02 1.324973276848791515e-01 1.007413283358906369e+03
2.021063876611751311e+03 2.847061200421105095e-02 1.342809971485326992e-01 9.905737975910079740e+02
2.021134607889284325e+03 2.778131933947021459e-02 1.360154459929110715e-01 9.740813361860655277e+02
2.021205339166817566e+03 2.708225670159893073e-02 1.377020828919312267e-01 9.579180402220043788e+02
2.021276070444350580e+03 2.637404734228001799e-02 1.393422328725336945e-01 9.420672357693924823e+02
2.021346801721883594e+03 2.565727167479829596e-02 1.409371440685077415e-01 9.265133406563016933e+02
2.021417532999416608e+03 2.493247125410692419e-02 1.424879937732008994e-01 9.112417593020466029e+02
2.021488264276949621e+03 2.420015226502915048e-02 1.439958936347267016e-01 8.962385597999967786e+02
2.021558995554482635e+03 2.346078847224792110e-02 1.454618933920021895e-01 8.814903811808354703e+02
2.021629726832015649e+03 2.271482431140870589e-02 1.468869869513514947e-01 8.669857870712290833e+02
2.021700458109548663e+03 2.196267758713627352e-02 1.482721176353565262e-01 8.527136742315889251e+02
2.021771189387081677e+03 2.120474151615559313e-02 1.496181806460895880e-01 8.386633831026496182e+02
2.021841920664614918e+03 2.044138671347485448e-02 1.509260261770127010e-01 8.248248508346538301e+02
2.021912651942147932e+03 1.967296301165795055e-02 1.521964624321428261e-01 8.111885766654996814e+02
2.021983383219680945e+03 1.889980110477820427e-02 1.534302583913163265e-01 7.977455802020903093e+02
2.022054114497213959e+03 1.812221403541026607e-02 1.546281463354340913e-01 7.844873579850617489e+02
2.022124845774746973e+03 1.734049853497965019e-02 1.557908240908660591e-01 7.714057780053293527e+02
2.022195577052279987e+03 1.655493618940245479e-02 1.569189566019955628e-01 7.584927849226080525e+02
2.022266308329813000e+03 1.576579454245760972e-02 1.580131776897326090e-01 7.457411481296870761e+02
2.022337039607346014e+03 1.497332830032216053e-02 1.590740935881097828e-01 7.331443982269489652e+02
2.022407770884879028e+03 1.417778022082693927e-02 1.601022843268258555e-01 7.206960618776964793e+02
2.022478502162412269e+03 1.337938190428921564e-02 1.610983047211958508e-01 7.083899039875071821e+02
2.022549233439945283e+03 1.257835456553164748e-02 1.620626857184435665e-01 6.962199749497591483e+02
2.022619964717478297e+03 1.177490974913700424e-02 1.629959357066270154e-01 6.841805969911234797e+02
2.022690695995011311e+03 1.096924998768831171e-02 1.638985417330693362e-01 6.722663468099518695e+02
2.022761427272544324e+03 1.016156940807496842e-02 1.647709706356870196e-01 6.604720390512321728e+02
2.022832158550077338e+03 9.352054290715450247e-03 1.656136700932537009e-01 6.487927099220555647e+02
2.022902889827610352e+03 8.540883585637048386e-03 1.664270695922518417e-01 6.372235933710105655e+02
2.022973621105143366e+03 7.728229386454764545e-03 1.672115812529791357e-01 6.257600454707312565e+02
2.023044352382676379e+03 6.914257358804661371e-03 1.679676003286342256e-01 6.143974187806451255e+02
2.023115083660209621e+03 6.099127154114371632e-03 1.686955059263174905e-01 6.031314788368857762e+02
2.023185814937742634e+03 5.282992834053894769e-03 1.693956627188073494e-01 5.919584690065620407e+02
2.023256546215275648e+03 4.466003221881073050e-03 1.700684217003688437e-01 5.808746102867241916e+02
2.023327277492808662e+03 3.648302215363347350e-03 1.707141204527308775e-01 5.698761756085302750e+02
2.023398008770341676e+03 2.830029090952636880e-03 1.713330836422458370e-01 5.589595564214437218e+02
2.023468740047874689e+03 2.011318791441406989e-03 1.719256235722511905e-01 5.481212682741864910e+02
2.023539471325407703e+03 1.192302195487117064e-03 1.724920407151703250e-01 5.373579453149750407e+02
2.023610202602940717e+03 3.731063700756172339e-04 1.730326242141283499e-01 5.266663335756742299e+02
2.023680933880473731e+03 -4.461451927414688406e-04 1.735476523545728122e-01 5.160432844404792831e+02
2.023751665158006972e+03 -1.265332353568747719e-03 1.740373930077455666e-01 5.054857484673804038e+02
2.023822396435539986e+03 -2.084338116695406192e-03 1.745021040478727803e-01 4.949907695366198936e+02
2.023893127713073000e+03 -2.903048433369973674e-03 1.749420337446782048e-01 4.845554791958415422e+02
2.023963858990606013e+03 -3.721352016338688902e-03 1.753574211321465570e-01 4.741770907630955776e+02
2.024034590268139027e+03 -4.539140164687034511e-03 1.757484963523678334e-01 4.638528916792960217e+02
2.024105321545672041e+03 -5.356306597846116277e-03 1.761154809667108689e-01 4.535802295325055979e+02
2.024176052823205055e+03 -6.172747296975747075e-03 1.764585882110447368e-01 4.433564837480522556e+02
2.024246784100738068e+03 -6.988360351396303433e-03 1.767780231726390205e-01 4.331790421039187891e+02
2.024317515378271310e+03 -7.803045812981614961e-03 1.770739830093749634e-01 4.230453831968923737e+02
2.024388246655804323e+03 -8.616705569362783160e-03 1.773466574440617227e-01 4.129531892149763053e+02
2.024458977933337337e+03 -9.429243228551211289e-03 1.775962292677279453e-01 4.029002438319109842e+02
2.024529709210870351e+03 -1.024056399890237168e-02 1.778228745421382984e-01 3.928843312973208981e+02
2.024600440488403365e+03 -1.105057456940637846e-02 1.780267627062237235e-01 3.829032437410225498e+02
2.024671171765936379e+03 -1.185918299626703871e-02 1.782080567229593904e-01 3.729548013342121067e+02
2.024741903043469392e+03 -1.266629859560656525e-02 1.783669132534957125e-01 3.630368598292185993e+02
2.024812634321002406e+03 -1.347183184113315106e-02 1.785034828355732683e-01 3.531473113730642126e+02
2.024883365598535420e+03 -1.427569426602182459e-02 1.786179100568062728e-01 3.432840829928152289e+02
2.024954096876068661e+03 -1.507779836853511378e-02 1.787103337199917874e-01 3.334451343846590703e+02
2.025024828153601675e+03 -1.587805752103290183e-02 1.787808869998374628e-01 3.236284555361272055e+02
2.025095559431134689e+03 -1.667638588207033187e-02 1.788296975912228859e-01 3.138320643475079805e+02
2.025166290708667702e+03 -1.747269831131751522e-02 1.788568878492974301e-01 3.040540043022865007e+02
2.025237021986200716e+03 -1.826691028704820197e-02 1.788625749217755689e-01 2.942923421990592487e+02
2.025307753263733730e+03 -1.905893782596758054e-02 1.788468708737895874e-01 2.845451659450336592e+02
2.025378484541266744e+03 -1.984869740515440850e-02 1.788098828056376710e-01 2.748105824072877681e+02
2.025449215818799757e+03 -2.063610588591109976e-02 1.787517129637501423e-01 2.650867153166331605e+02
2.025519947096332771e+03 -2.142108043931969033e-02 1.786724588451674978e-01 2.553717032186975473e+02
2.025590678373866012e+03 -2.220353847331704017e-02 1.785722132958094677e-01 2.456636974667759432e+02
2.025661409651399026e+03 -2.298339756110368351e-02 1.784510646027914760e-01 2.359608602512355162e+02
2.025732140928932040e+03 -2.376057537071438186e-02 1.783090965810239237e-01 2.262613626602881709e+02
2.025802872206465054e+03 -2.453498959558123374e-02 1.781463886543180331e-01 2.165633827671692018e+02
2.025873603483998068e+03 -2.530655788592413649e-02 1.779630159311949844e-01 2.068651037388759448e+02
2.025944334761531081e+03 -2.607519778081500081e-02 1.777590492755938278e-01 1.971647119616557404e+02
2.026015066039064095e+03 -2.684082664075770897e-02 1.775345553726418446e-01 1.874603951786015443e+02
2.026085797316597109e+03 -2.760336158063381173e-02 1.772895967896531422e-01 1.777503406347234716e+02
2.026156528594130123e+03 -2.836271940286812579e-02 1.770242320324949825e-01 1.680327332248839411e+02
2.026227259871663364e+03 -2.911881653066640194e-02 1.767385155974559863e-01 1.583057536400457082e+02
2.026297991149196378e+03 -2.987156894117997535e-02 1.764324980187362280e-01 1.485675765072797105e+02
2.026368722426729391e+03 -3.062089209845544890e-02 1.761062259116659701e-01 1.388163685189460068e+02
2.026439453704262405e+03 -3.136670088602516032e-02 1.757597420117513742e-01 1.290502865464479214e+02
2.026510184981795419e+03 -3.210890953899405570e-02 1.753930852096334814e-01 1.192674757339453464e+02
2.026580916259328433e+03 -3.284743157547986847e-02 1.750062905820317927e-01 1.094660675672621579e+02
2.026651647536861446e+03 -3.358217972725783401e-02 1.745993894187485018e-01 9.964417791325192297e+01
2.026722378814394460e+03 -3.431306586946321346e-02 1.741724092457756501e-01 8.979990502461922119e+01
2.026793110091927701e+03 -3.504000094920146913e-02 1.737253738445655449e-01 7.993132750513008489e+01
2.026863841369460715e+03 -3.576289491290887690e-02 1.732583032674894497e-01 7.003650222993613284e+01
2.026934572646993729e+03 -3.648165663230668043e-02 1.727712138495224869e-01 6.011346221553854718e+01
2.027005303924526743e+03 -3.719619382878559810e-02 1.722641182161662177e-01 5.016021443365784904e+01
2.027076035202059757e+03 -3.790641299605224113e-02 1.717370252876204706e-01 4.017473756305624022e+01
2.027146766479592770e+03 -3.861221932086136843e-02 1.711899402792086411e-01 3.015497967309164196e+01
2.027217497757125784e+03 -3.931351660165331718e-02 1.706228646980413044e-01 2.009885583244314589e+01
2.027288229034658798e+03 -4.001020716490880091e-02 1.700357963359036828e-01 1.000424563610889805e+01
2.027358960312191812e+03 -4.070219177901949342e-02 1.694287292583409321e-01 -1.310093565240194602e-01
2.027429691589725053e+03 -4.138936956547160234e-02 1.688016537899020286e-01 -1.030910828027823101e+01
2.027500422867258067e+03 -4.207163790711997142e-02 1.681545564954971816e-01 -2.053229372751020421e+01
2.027571154144791080e+03 -4.274889235332899468e-02 1.674874201578120392e-01 -3.080285462485710823e+01
2.027641885422324094e+03 -4.342102652173257527e-02 1.668002237507150154e-01 -4.112312923246030039e+01
2.027712616699857108e+03 -4.408793199636293347e-02 1.660929424085786643e-01 -5.149550827537780862e+01
2.027783347977390122e+03 -4.474949822187431620e-02 1.653655473914312224e-01 -6.192243821714203023e+01
2.027854079254923136e+03 -4.540561239357714107e-02 1.646180060458397598e-01 -7.240642468544488963e+01
2.027924810532456149e+03 -4.605615934297629249e-02 1.638502817614246598e-01 -8.295003605839852412e+01
2.027995541809989163e+03 -4.670102141849907795e-02 1.630623339228984836e-01 -9.355590721443473967e+01
2.028066273087522404e+03 -4.734007836107505252e-02 1.622541178575492571e-01 -1.042267434308839285e+02
2.028137004365055418e+03 -4.797320717424936182e-02 1.614255847781643494e-01 -1.149653243604086015e+02
2.028207735642588432e+03 -4.860028198856878451e-02 1.605766817216806863e-01 -1.257745078380883683e+02
2.028278466920121446e+03 -4.922117392024646931e-02 1.597073514847374975e-01 -1.366572327184231881e+02
2.028349198197654459e+03 -4.983575092499054060e-02 1.588175325600731380e-01 -1.476165183006855841e+02
2.028419929475187473e+03 -5.044387765037201821e-02 1.579071590853056983e-01 -1.586554542996600503e+02
2.028490660752720487e+03 -5.104541529423534812e-02 1.569761608273410047e-01 -1.697771779124353202e+02
2.028561392030253501e+03 -5.164022146656570972e-02 1.560244631925425396e-01 -1.809848906322103801e+02
2.028632123307786514e+03 -5.222814999736583724e-02 1.550519870882902662e-01 -1.922820052282831114e+02
2.028702854585319756e+03 -5.280905065737417914e-02 1.540586485500536063e-01 -2.036721974152536347e+02
2.028773585862852769e+03 -5.338276891122967216e-02 1.530443585038869792e-01 -2.151592579615129921e+02
2.028844317140385783e+03 -5.394914573256802404e-02 1.520090227406909189e-01 -2.267470480610643619e+02
2.028915048417918797e+03 -5.450801740814069374e-02 1.509525418801545282e-01 -2.384395374183102376e+02
2.028985779695451811e+03 -5.505921531209652386e-02 1.498748112738204352e-01 -2.502408339366961059e+02
2.029056510972984825e+03 -5.560256565809686136e-02 1.487757208747133020e-01 -2.621552001829642791e+02
2.029127242250517838e+03 -5.613788923380954449e-02 1.476551550901669396e-01 -2.741870651393360276e+02
2.029197973528050852e+03 -5.666500111854236993e-02 1.465129926230953339e-01 -2.863410350515581513e+02
2.029268704805583866e+03 -5.718371038330277017e-02 1.453491063027647634e-01 -2.986219045875560028e+02
2.029339436083117107e+03 -5.769381977203990458e-02 1.441633629049120235e-01 -3.110346686853404208e+02
2.029410167360650121e+03 -5.819512536259466989e-02 1.429556229606745998e-01 -3.235845352326813327e+02
2.029480898638183135e+03 -5.868741620573141721e-02 1.417257405537336312e-01 -3.362769386145959629e+02
2.029551629915716148e+03 -5.917047394059557486e-02 1.404735631053124767e-01 -3.491175537980554395e+02
2.029622361193249162e+03 -5.964407238573475600e-02 1.391989311488571468e-01 -3.621123080969397279e+02
2.029693092470782176e+03 -6.010797711136995486e-02 1.379016781115711132e-01 -3.752673709256559391e+02
2.029763823748315190e+03 -6.056194503366174597e-02 1.365816301986617631e-01 -3.885890474102118333e+02
2.029834555025848204e+03 -6.100572406248684632e-02 1.352386064473946603e-01 -4.020838344951960721e+02
2.029905286303381217e+03 -6.143905241028552178e-02 1.338724180727274560e-01 -4.157590763522248380e+02
2.029976017580914458e+03 -6.186165772063622476e-02 1.324828675051514804e-01 -4.296225417701546121e+02
2.030046748858447472e+03 -6.227325655671582527e-02 1.310697483163356380e-01 -4.436821765344839719e+02
2.030117480135980486e+03 -6.267355382939028552e-02 1.296328450802502752e-01 -4.579462832883551755e+02
2.030188211413513500e+03 -6.306224209767255506e-02 1.281719330386589806e-01 -4.724235973332095000e+02
2.030258942691046514e+03 -6.343900079722344931e-02 1.266867777069956569e-01 -4.871233256656516346e+02
2.030329673968579527e+03 -6.380349540514299034e-02 1.251771344492593196e-01 -5.020551833281506902e+02
2.030400405246112541e+03 -6.415537653678607399e-02 1.236427480239618987e-01 -5.172294323098653877e+02
2.030471136523645555e+03 -6.449427896827197859e-02 1.220833520999671934e-01 -5.326569230444755476e+02
2.030541867801178796e+03 -6.481982058119883927e-02 1.204986687476467810e-01 -5.483491264895167205e+02
2.030612599078711810e+03 -6.513160127152982370e-02 1.188884079954056205e-01 -5.643180293402023153e+02
2.030683330356244824e+03 -6.542920200077254056e-02 1.172522677823586157e-01 -5.805759773741223171e+02
2.030754061633777837e+03 -6.571218327492626965e-02 1.155899330116038626e-01 -5.971369944751963885e+02
2.030824792911310851e+03 -6.598008302398988834e-02 1.139010737323410682e-01 -6.140160784569770840e+02
2.030895524188843865e+03 -6.623241523553459464e-02 1.121853448983206741e-01 -6.312288289240258337e+02
2.030966255466376879e+03 -6.646866832556097560e-02 1.104423858580594886e-01 -6.487918324938700607e+02
2.031036986743909893e+03 -6.668830320187589533e-02 1.086718195413169524e-01 -6.667228004336935783e+02
2.031107718021442906e+03 -6.689075112051066918e-02 1.068732515575002012e-01 -6.850406754942679299e+02
2.031178449298976147e+03 -6.707541132492453317e-02 1.050462692243671892e-01 -7.037657464293663452e+02
2.031249180576509161e+03 -6.724164845207102059e-02 1.031904405385630080e-01 -7.229197405771493550e+02
2.031319911854042175e+03 -6.738878985325080784e-02 1.013053133526053556e-01 -7.425255132198176398e+02
2.031390643131575189e+03 -6.751612293209374727e-02 9.939041493631366186e-02 -7.626077490358671866e+02
2.031461374409108203e+03 -6.762289053964000429e-02 9.744524904053951386e-02 -7.831944243930997800e+02
2.031532105686641216e+03 -6.770828682172572166e-02 9.546929419911459602e-02 -8.043150313861228824e+02
2.031602836964174230e+03 -6.777145327909003814e-02 9.346200290132603006e-02 -8.260013026285621436e+02
2.031673568241707244e+03 -6.781147388793104525e-02 9.142280000620545133e-02 -8.482876396536992161e+02
2.031744299519240258e+03 -6.782736956379212256e-02 8.935108093933426254e-02 -8.712114224770097053e+02
2.031815030796773499e+03 -6.781809193667107105e-02 8.724620974715335819e-02 -8.948133197604919360e+02
2.031885762074306513e+03 -6.778251661707553055e-02 8.510751736179182625e-02 -9.191369852502107278e+02
2.031956493351839526e+03 -6.771943605668476196e-02 8.293430032160005461e-02 -9.442304926747544869e+02
2.032027224629372540e+03 -6.762754865417712480e-02 8.072581593370992126e-02 -9.701483000010902060e+02
2.032097955906905554e+03 -6.750544841603221824e-02 7.848127960962449079e-02 -9.969491734235841705e+02
2.032168687184438568e+03 -6.735161372188905315e-02 7.619986269782250132e-02 -1.024697781621243621e+03
2.032239418461971582e+03 -6.716439372502565341e-02 7.388068932101155006e-02 -1.053465655423448197e+03
2.032310149739504595e+03 -6.694199262019384644e-02 7.152283292002736825e-02 -1.083332090414232653e+03
2.032380881017037609e+03 -6.668245209493491032e-02 6.912531326212112415e-02 -1.114383998621386354e+03
2.032451612294570850e+03 -6.638363078055237176e-02 6.668709312890663821e-02 -1.146720318828518430e+03
2.032522343572103864e+03 -6.604317619159173758e-02 6.420707072339940091e-02 -1.180452976682336384e+03
2.032593074849636878e+03 -6.565849628091867396e-02 6.168407614205753675e-02 -1.215706720806654175e+03
2.032663806127169892e+03 -6.522672502590839971e-02 5.911686701165896202e-02 -1.252622590065956729e+03
2.032734537404702905e+03 -6.474468077434337998e-02 5.650412341004942135e-02 -1.291360692707863791e+03
2.032805268682235919e+03 -6.420881756857987899e-02 5.384444387865764542e-02 -1.332101686823856426e+03
2.032875999959768933e+03 -6.361516482123950877e-02 5.113634047173370306e-02 -1.375056748469622562e+03
