2.010356112597776246e+03 -3.044422001340214151e-02 1.761885067216296119e-01 1.360035886926012267e+02
2.010409814071673964e+03 -3.101002135448818406e-02 1.759228689181761007e-01 1.285948289012314092e+02
2.010463515545571681e+03 -3.157377152124755948e-02 1.756455946275815305e-01 1.211762610655827501e+02
2.010517217019469399e+03 -3.213543267029399242e-02 1.753566991328878444e-01 1.137470686899684154e+02
2.010570918493367117e+03 -3.269496670321104387e-02 1.750561964570215012e-01 1.063064301551968214e+02
2.010624619967264834e+03 -3.325233524889158188e-02 1.747440993688263167e-01 9.885351821845497966e+01
2.010678321441162325e+03 -3.380749964567850152e-02 1.744204193883557019e-01 9.138749950596826466e+01
2.010732022915060043e+03 -3.436042092329828768e-02 1.740851667914283807e-01 8.390753399750475694e+01
2.010785724388957760e+03 -3.491105978452944958e-02 1.737383506134650424e-01 7.641277450241715030e+01
2.010839425862855478e+03 -3.545937658663039088e-02 1.733799786525918041e-01 6.890236612579592190e+01
2.010893127336753196e+03 -3.600533132246681867e-02 1.730100574720236373e-01 6.137544572439549029e+01
2.010946828810650914e+03 -3.654888360133030922e-02 1.726285924017316176e-01 5.383114135128686684e+01
2.011000530284548631e+03 -3.708999262941892888e-02 1.722355875393890290e-01 4.626857168840930257e+01
2.011054231758446349e+03 -3.762861718995648419e-02 1.718310457505983491e-01 3.868684546609441810e+01
2.011107933232344067e+03 -3.816471562292261116e-02 1.714149686683997531e-01 3.108506086864608875e+01
2.011161634706241784e+03 -3.869824580436825867e-02 1.709873566920572241e-01 2.346230492497646480e+01
2.011215336180139275e+03 -3.922916512528447364e-02 1.705482089851211858e-01 1.581765288333383346e+01
2.011269037654036993e+03 -3.975743047001139424e-02 1.700975234727523100e-01 8.150167568847360045e+00
2.011322739127934710e+03 -4.028299819412208688e-02 1.696352968383298965e-01 4.588987232869931043e-01
2.011376440601832428e+03 -4.080582410179576375e-02 1.691615245193012484e-01 -7.257117674778235106e+00
2.011430142075730146e+03 -4.132586342261530821e-02 1.686762007022917231e-01 -1.499886011014786469e+01
2.011483843549627863e+03 -4.184307078776761807e-02 1.681793183174570550e-01 -2.276732225293951117e+01
2.011537545023525581e+03 -4.235740020561055280e-02 1.676708690320697637e-01 -3.056351370361945285e+01
2.011591246497423299e+03 -4.286880503657017338e-02 1.671508432433264912e-01 -3.838846076252822570e+01
2.011644947971321017e+03 -4.337723796732995823e-02 1.666192300703721874e-01 -4.624320722533893502e+01
2.011698649445218734e+03 -4.388265098427261701e-02 1.660760173455170796e-01 -5.412881520602716279e+01
2.011752350919116452e+03 -4.438499534613249420e-02 1.655211916046410991e-01 -6.204636598895347532e+01
2.011806052393013942e+03 -4.488422155581366785e-02 1.649547380767675264e-01 -6.999696091176372192e+01
2.011859753866911660e+03 -4.538027933134067271e-02 1.643766406727784901e-01 -7.798172228110350090e+01
2.011913455340809378e+03 -4.587311757586193944e-02 1.637868819732843928e-01 -8.600179432256737755e+01
2.011967156814707096e+03 -4.636268434669824079e-02 1.631854432155853962e-01 -9.405834416757114980e+01
2.012020858288604813e+03 -4.684892682335218411e-02 1.625723042797375673e-01 -1.021525628787838968e+02
2.012074559762502531e+03 -4.733179127443540996e-02 1.619474436736831058e-01 -1.102856665165987806e+02
2.012128261236400249e+03 -4.781122302345271885e-02 1.613108385174287784e-01 -1.184588972489893308e+02
2.012181962710297967e+03 -4.828716641338225840e-02 1.606624645262428874e-01 -1.266735245073140277e+02
2.012235664184195684e+03 -4.875956476998640626e-02 1.600022959928411037e-01 -1.349308461907728258e+02
2.012289365658093402e+03 -4.922836036378501479e-02 1.593303057685369895e-01 -1.432321899223737773e+02
2.012343067131990892e+03 -4.969349437061646585e-02 1.586464652433233757e-01 -1.515789143594399775e+02
2.012396768605888610e+03 -5.015490683072182376e-02 1.579507443248359122e-01 -1.599724105620994692e+02
2.012450470079786328e+03 -5.061253660624222966e-02 1.572431114162054777e-01 -1.684141034227029365e+02
2.012504171553684046e+03 -5.106632133708233906e-02 1.565235333927055272e-01 -1.769054531605335967e+02
2.012557873027581763e+03 -5.151619739502071721e-02 1.557919755771936809e-01 -1.854479568852222258e+02
2.012611574501479481e+03 -5.196209983598149007e-02 1.550484017142912119e-01 -1.940431502332443472e+02
2.012665275975377199e+03 -5.240396235036464540e-02 1.542927739432554124e-01 -2.026926090819536626e+02
2.012718977449274917e+03 -5.284171721132564781e-02 1.535250527694967393e-01 -2.113979513458973258e+02
2.012772678923172634e+03 -5.327529522088998021e-02 1.527451970346906107e-01 -2.201608388605193625e+02
2.012826380397070352e+03 -5.370462565378014003e-02 1.519531638854279554e-01 -2.289829793586958147e+02
2.012880081870968070e+03 -5.412963619882520810e-02 1.511489087403487808e-01 -2.378661285458402403e+02
2.012933783344865560e+03 -5.455025289781252618e-02 1.503323852556991691e-01 -2.468120922795611136e+02
2.012987484818763278e+03 -5.496640008164566105e-02 1.495035452892296002e-01 -2.558227288599333633e+02
2.013041186292660996e+03 -5.537800030362543396e-02 1.486623388624177811e-01 -2.648999514339618031e+02
2.013094887766558713e+03 -5.578497426972680445e-02 1.478087141208900834e-01 -2.740457305118676459e+02
2.013148589240456431e+03 -5.618724076568141351e-02 1.469426172930526076e-01 -2.832620965633046808e+02
2.013202290714354149e+03 -5.658471658074599314e-02 1.460639926469847472e-01 -2.925511425544153781e+02
2.013255992188251867e+03 -5.697731642817504411e-02 1.451727824460777305e-01 -3.019150258694935474e+02
2.013309693662149584e+03 -5.736495286305225150e-02 1.442689269054908963e-01 -3.113559674520518001e+02
2.013363395136047302e+03 -5.774753620057787584e-02 1.433523641574937502e-01 -3.208762401692578692e+02
2.013417096609945020e+03 -5.812497444600371599e-02 1.424230302531984127e-01 -3.304781238178856029e+02
2.013470798083842510e+03 -5.849717325906479692e-02 1.414808592546879240e-01 -3.401638291805409722e+02
2.013524499557740228e+03 -5.886403591539395019e-02 1.405257833220056873e-01 -3.499356526239567984e+02
2.013578201031637946e+03 -5.922546308560287104e-02 1.395577323676905346e-01 -3.597963630344850685e+02
2.013631902505535663e+03 -5.958135254767309152e-02 1.385766335767852908e-01 -3.697489596549157795e+02
2.013685603979433381e+03 -5.993159908938310715e-02 1.375824114009913113e-01 -3.797963887163148797e+02
2.013739305453331099e+03 -6.027609445653681758e-02 1.365749876674451913e-01 -3.899416038049216695e+02
2.013793006927228816e+03 -6.061472725326459005e-02 1.355542815818406299e-01 -4.001876365408405718e+02
2.013846708401126534e+03 -6.094738281258067769e-02 1.345202096736057562e-01 -4.105376237313030288e+02
2.013900409875024252e+03 -6.127394305274613817e-02 1.334726857218325180e-01 -4.209948187212451671e+02
2.013954111348921970e+03 -6.159428632389283426e-02 1.324116206736243306e-01 -4.315625989386684864e+02
2.014007812822819687e+03 -6.190828724558553042e-02 1.313369225575740651e-01 -4.422444728676409795e+02
2.014061514296717178e+03 -6.221581653499611009e-02 1.302484963928279005e-01 -4.530440872412841031e+02
2.014115215770614896e+03 -6.251674082509710295e-02 1.291462440936136102e-01 -4.639652346616979344e+02
2.014168917244512613e+03 -6.281092247214811741e-02 1.280300643690881479e-01 -4.750118617217433439e+02
2.014222618718410331e+03 -6.309821935172062191e-02 1.268998526181464581e-01 -4.861880776792925758e+02
2.014276320192308049e+03 -6.337848464239313750e-02 1.257555008189789880e-01 -4.974981637305956497e+02
2.014330021666205766e+03 -6.365156659619553015e-02 1.245968974130420848e-01 -5.089465829334832279e+02
2.014383723140103484e+03 -6.391730829479601306e-02 1.234239271831184814e-01 -5.205379908354785812e+02
2.014437424614001202e+03 -6.417554739032720057e-02 1.222364711251159031e-01 -5.322772468673040294e+02
2.014491126087898920e+03 -6.442611582965285244e-02 1.210344063132311881e-01 -5.441694265683513549e+02
2.014544827561796637e+03 -6.466883956076006912e-02 1.198176057580724457e-01 -5.562198347174715991e+02
2.014598529035694355e+03 -6.490353821984098937e-02 1.185859382573107024e-01 -5.684340194500024381e+02
2.014652230509591845e+03 -6.513002479748755680e-02 1.173392682384026692e-01 -5.808177874503717248e+02
2.014705931983489563e+03 -6.534810528227681659e-02 1.160774555928533874e-01 -5.933772203194948816e+02
2.014759633457387281e+03 -6.555757827983371699e-02 1.148003555015670585e-01 -6.061186922257174956e+02
2.014813334931284999e+03 -6.575823460530190456e-02 1.135078182506058381e-01 -6.190488889618977737e+02
2.014867036405182716e+03 -6.594985684690651828e-02 1.121996890368183175e-01 -6.321748285428654981e+02
2.014920737879080434e+03 -6.613221889807531506e-02 1.108758077626460642e-01 -6.455038834937871570e+02
2.014974439352978152e+03 -6.630508545531156595e-02 1.095360088193980258e-01 -6.590438049968458927e+02
2.015028140826875870e+03 -6.646821147871449786e-02 1.081801208582299917e-01 -6.728027490830394299e+02
2.015081842300773587e+03 -6.662134161170581159e-02 1.068079665479999552e-01 -6.867893050776174277e+02
2.015135543774671305e+03 -6.676420955614376096e-02 1.054193623191177348e-01 -7.010125265279687028e+02
2.015189245248568795e+03 -6.689653739859506565e-02 1.040141180924656072e-01 -7.154819648156528729e+02
2.015242946722466513e+03 -6.701803488325837332e-02 1.025920369926662384e-01 -7.302077050043893678e+02
2.015296648196364231e+03 -6.712839862904203259e-02 1.011529150488967160e-01 -7.452003948905570496e+02
2.015350349670261949e+03 -6.722731131924397641e-02 9.969654093301311137e-02 -7.604711594817342757e+02
2.015404051144159666e+03 -6.731444110346544718e-02 9.822269609318454164e-02 -7.760310268580716411e+02
2.015457752618057384e+03 -6.738944095082341490e-02 9.673115488561126463e-02 -7.918922931547226653e+02
2.015511454091955102e+03 -6.745194641193609508e-02 9.522168249045796784e-02 -8.080694707419916085e+02
2.015565155565852820e+03 -6.750157432114681222e-02 9.369403436613124581e-02 -8.245771347533459448e+02
2.015618857039750537e+03 -6.753792195972951884e-02 9.214795648605669798e-02 -8.414305015952621716e+02
2.015672558513648255e+03 -6.756056572730505250e-02 9.058318499521113287e-02 -8.586457519822654376e+02
2.015726259987545973e+03 -6.756905960497591734e-02 8.899944572744949989e-02 -8.762401391551248935e+02
2.015779961461443463e+03 -6.756293346401025246e-02 8.739645368237834722e-02 -8.942320855895451359e+02
2.015833662935341181e+03 -6.754169120817168914e-02 8.577391246775939448e-02 -9.126412887644435159e+02
2.015887364409238899e+03 -6.750480872990750891e-02 8.413151370576972543e-02 -9.314888387831824730e+02
2.015941065883136616e+03 -6.745173165727549880e-02 8.246893640055566466e-02 -9.507973495765261305e+02
2.015994767357034334e+03 -6.738187286500783857e-02 8.078584626460591500e-02 -9.705911055899767916e+02
2.016048468830932052e+03 -6.729460971903948596e-02 7.908189500124238047e-02 -9.908962261665340066e+02
2.016102170304829770e+03 -6.718928101903472172e-02 7.735671954051849541e-02 -1.011740850206994310e+03
2.016155871778727487e+03 -6.706518359776400540e-02 7.560994122580258492e-02 -1.033155344134281904e+03
2.016209573252625205e+03 -6.692156852943703660e-02 7.384116494839311484e-02 -1.055172536721104279e+03
2.016263274726522923e+03 -6.675763689104427523e-02 7.204997822767869597e-02 -1.077827984981594227e+03
2.016316976200420413e+03 -6.657253501111823346e-02 7.023595023467897602e-02 -1.101160276102663374e+03
2.016370677674318131e+03 -6.636534912871276670e-02 6.839863075725181873e-02 -1.125211371331647115e+03
2.016424379148215849e+03 -6.613509937140128747e-02 6.653754910621344221e-02 -1.150026998855398006e+03
2.016478080622113566e+03 -6.588073294430384086e-02 6.465221296276961460e-02 -1.175657103099106735e+03
2.016531782096011284e+03 -6.560111641228064117e-02 6.274210718011132004e-02 -1.202156318392851290e+03
2.016585483569909002e+03 -6.529502727628226644e-02 6.080669287807145829e-02 -1.229583460533906418e+03
2.016639185043806719e+03 -6.496114585331930202e-02 5.884540791218931255e-02 -1.258002275042074189e+03
2.016692886517704437e+03 -6.459804099492771901e-02 5.685766290672979867e-02 -1.287488301736940230e+03
2.016746587991602155e+03 -6.420415536581904059e-02 5.484283864917463558e-02 -1.318122812722142044e+03
2.016800289465499873e+03 -6.377779171896320876e-02 5.280028632649122478e-02 -1.349995332051515106e+03
2.016853990939397590e+03 -6.331709518637143597e-02 5.072932641559891459e-02 -1.383205546563387770e+03
2.016907692413295081e+03 -6.282003237584579680e-02 4.862924752490624392e-02 -1.417864867737548366e+03
2.016961393887192799e+03 -6.228436681141136244e-02 4.649930543330470928e-02 -1.454098270976635604e+03
2.017015095361090516e+03 -6.170762992072307412e-02 4.433872245193291872e-02 -1.492046497774593490e+03
2.017068796834988234e+03 -6.108708655410369226e-02 4.214668728084063065e-02 -1.531868708178568568e+03
2.017122498308885952e+03 -6.041969373752491268e-02 3.992235560594144944e-02 -1.573745695189704520e+03
2.017176199782783669e+03 -5.970205098580477765e-02 3.766485178666401784e-02 -1.617883805334738099e+03
2.017229901256681387e+03 -5.893033999617614677e-02 3.537327213777197166e-02 -1.664519753140439207e+03
2.017283602730579105e+03 -5.810025085314211163e-02 3.304669053363563924e-02 -1.713926575721725612e+03
2.017337304204476823e+03 -5.720689092533957215e-02 3.068416739761455764e-02 -1.766421052310083724e+03
2.017391005678374540e+03 -5.624467133064484786e-02 2.828476365502650275e-02 -1.822372926868662489e+03
2.017444707152272031e+03 -5.520716596365975171e-02 2.584756296610528706e-02 -1.882212018811491589e+03
2.017498408626169748e+03 -5.408693558978500127e-02 2.337170658677522814e-02 -1.946450730610929440e+03
2.017552110100067466e+03 -5.287527861593765283e-02 2.085643474895673352e-02 -2.015708900086588301e+03
2.017605811573965184e+03 -5.156192598286589435e-02 1.830116123088416230e-02 -2.090724872821660028e+03
2.017659513047862902e+03 -5.013463537525969516e-02 1.570558623371667503e-02 -2.172393900733370174e+03
2.017713214521760619e+03 -4.857863833054265612e-02 1.306986820509701240e-02 -2.261811267149638297e+03
2.017766915995658337e+03 -4.687587811891155698e-02 1.039489327973775259e-02 -2.360328364186182625e+03
2.017820617469556055e+03 -4.500393652587021676e-02 7.682706683622504175e-03 -2.469625054157460454e+03
2.017874318943453773e+03 -4.293448576991109461e-02 4.937221287989924760e-03 -2.591799546184425708e+03
2.017928020417351490e+03 -4.063099468893363597e-02 2.165417984940487886e-03 -2.729468720475434566e+03
2.017981721891249208e+03 -3.804522772008827464e-02 -6.205432350722069100e-04 -2.885843274512190419e+03
2.018035423365146698e+03 -3.511173359612435735e-02 -3.399440226506819478e-03 -3.064639083541469518e+03
2.018089124839044416e+03 -3.173892788539910137e-02 -6.133458010258368426e-03 -3.269408147941890093e+03
2.018142826312942134e+03 -2.779413309012526354e-02 -8.752616969170774405e-03 -3.500823813205992792e+03
2.018196527786839852e+03 -2.307924399695454945e-02 -1.112032447503040131e-02 -3.746310420137188430e+03
2.018250229260737569e+03 -1.729814115002164393e-02 -1.295286218300530610e-02 -3.941935937291418668e+03
2.018303930734635287e+03 -1.006805978528978879e-02 -1.363985260158187551e-02 -3.842943056089053698e+03
2.018357632208533005e+03 -1.295846614696188502e-03 -1.205235110048060929e-02 -2.835737491367643543e+03
2.018411333682430723e+03 7.724314794465730535e-03 -7.403634274280325965e-03 -8.784115211800583438e+02
2.018465035156328440e+03 1.505939014776793393e-02 -9.297791530178326066e-04 6.329933044213461244e+02
2.018518736630226158e+03 2.042440833675296386e-02 5.774522722541363361e-03 1.366810953550780823e+03
2.018572438104123648e+03 2.436778333318418907e-02 1.211737691655274257e-02 1.688488432528942894e+03
2.018626139578021366e+03 2.735696769504872977e-02 1.800191848795057795e-02 1.825968216993173428e+03
2.018679841051919084e+03 2.968733753209026535e-02 2.346039365307756724e-02 1.878477237453249927e+03
2.018733542525816802e+03 3.154269899993305398e-02 2.854739681382660946e-02 1.889422707939372685e+03
2.018787243999714519e+03 3.304171968568591494e-02 3.331415407807758466e-02 1.879070507113652866e+03
2.018840945473612237e+03 3.426444770636534465e-02 3.780375254028231491e-02 1.857531002005020355e+03
2.018894646947509955e+03 3.526709057254188984e-02 4.205147134066410802e-02 1.830135048871803292e+03
2.018948348421407673e+03 3.609047560185379977e-02 4.608610405675329230e-02 1.799815587961778419e+03
2.019002049895305390e+03 3.676513437280574254e-02 4.993129607472366477e-02 1.768236948940070988e+03
2.019055751369203108e+03 3.731447128615016789e-02 5.360664489429777663e-02 1.736361996941343705e+03
2.019109452843100826e+03 3.775681096135882070e-02 5.712855643508580467e-02 1.704751603551969993e+03
2.019163154316998316e+03 3.810676460208373834e-02 6.051090083239193257e-02 1.673729632234821565e+03
2.019216855790896034e+03 3.837616822330060240e-02 6.376551420659468117e-02 1.643477146317512279e+03
2.019270557264793752e+03 3.857474329403438873e-02 6.690258472434817971e-02 1.614087843361220848e+03
2.019324258738691469e+03 3.871057218897542423e-02 6.993095179154688867e-02 1.585601052746283131e+03
2.019377960212589187e+03 3.879044363238974558e-02 7.285833362849938877e-02 1.558019847248549468e+03
2.019431661686486905e+03 3.882011719931651589e-02 7.569151870228964241e-02 1.531333338864839106e+03
2.019485363160384622e+03 3.880452745204483050e-02 7.843652509769975800e-02 1.505516392757036101e+03
2.019539064634282340e+03 3.874793163992065054e-02 8.109871111465283278e-02 1.480535908389551196e+03
2.019592766108180058e+03 3.865402838233932686e-02 8.368287159214907178e-02 1.456355170462432170e+03
2.019646467582077776e+03 3.852605171872477280e-02 8.619331757712929420e-02 1.432936018560167440e+03
2.019700169055975493e+03 3.836684614950572336e-02 8.863394215889988659e-02 1.410240223943393175e+03
2.019753870529872984e+03 3.817892709647403154e-02 9.100827526516921950e-02 1.388230352192270402e+03
2.019807572003770701e+03 3.796453005511808698e-02 9.331952958285473498e-02 1.366870286859626958e+03
2.019861273477668419e+03 3.772565088609143580e-02 9.557063928785214380e-02 1.346125529089349357e+03
2.019914974951566137e+03 3.746407909690030458e-02 9.776429290634543190e-02 1.325963349382854176e+03
2.019968676425463855e+03 3.718142552906276987e-02 9.990296135390271115e-02 1.306352842392657294e+03
2.020022377899361572e+03 3.687914554350244650e-02 1.019889219866313007e-01 1.287264918900110160e+03
2.020076079373259290e+03 3.655855855557764433e-02 1.040242793336831201e-01 1.268672257258252330e+03
2.020129780847157008e+03 3.622086458069898041e-02 1.060109830282379983e-01 1.250549194724434074e+03
2.020183482321054726e+03 3.586715807491118457e-02 1.079508426453123504e-01 1.232870822914130486e+03
2.020237183794952443e+03 3.549843906007789374e-02 1.098455384199268914e-01 1.215613542155342657e+03
2.020290885268849934e+03 3.511562538294328573e-02 1.116966387257471299e-01 1.198758062261198802e+03
2.020344586742747651e+03 3.471956199002634164e-02 1.135056116497852874e-01 1.182284957174509373e+03
2.020398288216645369e+03 3.431102784218408031e-02 1.152738316886164766e-01 1.166175728830020262e+03
2.020451989690543087e+03 3.389074262918196495e-02 1.170025877648497997e-01 1.150413023840484811e+03
2.020505691164440805e+03 3.345937270617771464e-02 1.186930905536487252e-01 1.134980560642205091e+03
2.020559392638338522e+03 3.301753630547917678e-02 1.203464790214425623e-01 1.119863053079410292e+03
2.020613094112236240e+03 3.256580812608193126e-02 1.219638262736705975e-01 1.105046138917902908e+03
2.020666795586133958e+03 3.210472338820512944e-02 1.235461447987540179e-01 1.090516313412949330e+03
2.020720497060031676e+03 3.163478142611913374e-02 1.250943911828810429e-01 1.076260867752994272e+03
2.020774198533929393e+03 3.115644888109584537e-02 1.266094703595503079e-01 1.062267832136557672e+03
2.020827900007827111e+03 3.067016254684718640e-02 1.280922394488809846e-01 1.048525923207480901e+03
2.020881601481724601e+03 3.017633191198440534e-02 1.295435112341667139e-01 1.035024495560010791e+03
2.020935302955622319e+03 2.967534143748521563e-02 1.309640573168277533e-01 1.021753497023311411e+03
2.020989004429520037e+03 2.916755260174961131e-02 1.323546109853893094e-01 1.008703427442726593e+03
2.021042705903417755e+03 2.865330574117224902e-02 1.337158698297286341e-01 9.958653006846598146e+02
2.021096407377315472e+03 2.813292171038090858e-02 1.350484981276884322e-01 9.832306096079969393e+02
2.021150108851213190e+03 2.760670338298032087e-02 1.363531290279099695e-01 9.707912937501815804e+02
2.021203810325110908e+03 2.707493701087327134e-02 1.376303665496763917e-01 9.585397093431751046e+02
2.021257511799008626e+03 2.653789345752338366e-02 1.388807874162618083e-01 9.464685990831162599e+02
2.021311213272906343e+03 2.599582931383428649e-02 1.401049427109838652e-01 9.345710294567649044e+02
2.021364914746804061e+03 2.544898785788816259e-02 1.413033590898187530e-01 9.228400480741278216e+02
2.021418616220701551e+03 2.489759979661051656e-02 1.424765391206939402e-01 9.112687075901437765e+02
2.021472317694599269e+03 2.434188438381129985e-02 1.436249640138150818e-01 8.998517541538894875e+02
2.021526019168496987e+03 2.378205047620686810e-02 1.447490964477638198e-01 8.885839913397704777e+02
2.021579720642394705e+03 2.321829704275313669e-02 1.458493805952539579e-01 8.774600826422876025e+02
2.021633422116292422e+03 2.265081375138347161e-02 1.469262427778577351e-01 8.664748884757450469e+02
2.021687123590190140e+03 2.207978156673433973e-02 1.479800924021155983e-01 8.556234972595384534e+02
2.021740825064087858e+03 2.150537330645241330e-02 1.490113228633943854e-01 8.449012153641258465e+02
2.021794526537985575e+03 2.092775415473112008e-02 1.500203123897889401e-01 8.343035545789477965e+02
2.021848228011883293e+03 2.034708213661652262e-02 1.510074248286381038e-01 8.238262201940212890e+02
2.021901929485781011e+03 1.976350855661709177e-02 1.519730103801839871e-01 8.134650998788584957e+02
2.021955630959678729e+03 1.917717840480944250e-02 1.529174062826484659e-01 8.032162533151396246e+02
2.022009332433576219e+03 1.858823073331230397e-02 1.538409374526041318e-01 7.930759025259613963e+02
2.022063033907473937e+03 1.799679900568837421e-02 1.547439170841817535e-01 7.830404228475189257e+02
2.022116735381371655e+03 1.740301142162950856e-02 1.556266472102533216e-01 7.731063344945134759e+02
2.022170436855269372e+03 1.680699121896890927e-02 1.564894192285757324e-01 7.632702946732860028e+02
2.022224138329167090e+03 1.620885695494082152e-02 1.573325143954785177e-01 7.535290902019214627e+02
2.022277839803064808e+03 1.560872276838185663e-02 1.581562042895364728e-01 7.438796305992192401e+02
2.022331541276962525e+03 1.500669862442184817e-02 1.589607512474184303e-01 7.343189416078637350e+02
2.022385242750860243e+03 1.440289054306199100e-02 1.597464087739328686e-01 7.248441591198804872e+02
2.022438944224757961e+03 1.379740081291752803e-02 1.605134219281050822e-01 7.154525234752062488e+02
2.022492645698655679e+03 1.319032819127587651e-02 1.612620276869764779e-01 7.061413741064477563e+02
2.022546347172553169e+03 1.258176809153146482e-02 1.619924552886741753e-01 6.969081445052228219e+02
2.022600048646450887e+03 1.197181275893847811e-02 1.627049265561842928e-01 6.877503574870913781e+02
2.022653750120348604e+03 1.136055143559664728e-02 1.633996562030982369e-01 6.786656207347390364e+02
2.022707451594246322e+03 1.074807051542052590e-02 1.640768521225884624e-01 6.696516225993515263e+02
2.022761153068144040e+03 1.013445368986312829e-02 1.647367156606847349e-01 6.607061281428982511e+02
2.022814854542041758e+03 9.519782085047627865e-03 1.653794418748838202e-01 6.518269754042056547e+02
2.022868556015939475e+03 8.904134390928242215e-03 1.660052197790355677e-01 6.430120718714964596e+02
2.022922257489837193e+03 8.287586983041331928e-03 1.666142325753643127e-01 6.342593911363786674e+02
2.022975958963734911e+03 7.670214037364126401e-03 1.672066578743659493e-01 6.255669696648519675e+02
2.023029660437632629e+03 7.052087638747764169e-03 1.677826679030447188e-01 6.169329034389389790e+02
2.023083361911530346e+03 6.433277883317370036e-03 1.683424297008734860e-01 6.083553434297298281e+02
2.023137063385427837e+03 5.813852975070644448e-03 1.688861052985579370e-01 5.998324856517612034e+02
2.023190764859325554e+03 5.193879316443275433e-03 1.694138518586096043e-01 5.913625411195193919e+02
2.023244466333223272e+03 4.573421591942589820e-03 1.699258217178993557e-01 5.829436642971539868e+02
2.023298167807120990e+03 3.952542846409310556e-03 1.704221623241346240e-01 5.745739614467320280e+02
2.023351869281018708e+03 3.331304569652559708e-03 1.709030164947286379e-01 5.662518226159517098e+02
2.023405570754916425e+03 2.709766785048688554e-03 1.713685231373044682e-01 5.579759400735704276e+02
2.023459272228814143e+03 2.087988119507453236e-03 1.718188175286848030e-01 5.497449666307692269e+02
2.023512973702711861e+03 1.466025863195923734e-03 1.722540312271062801e-01 5.415574848316588259e+02
2.023566675176609579e+03 8.439360298967185561e-04 1.726742920630684186e-01 5.334120734066116256e+02
2.023620376650507296e+03 2.217734168111321644e-04 1.730797242164353322e-01 5.253073352927992801e+02
2.023674078124404787e+03 -4.004083377931389929e-04 1.734704483199355773e-01 5.172419045830677078e+02
2.023727779598302504e+03 -1.022556699467372897e-03 1.738465815661819902e-01 5.092144472568625133e+02
2.023781481072200222e+03 -1.644620184929846893e-03 1.742082378119969022e-01 5.012236603138459259e+02
2.023835182546097940e+03 -2.266548311794287611e-03 1.745555276786502352e-01 4.932682705354438326e+02
2.023888884019995658e+03 -2.888291550510432674e-03 1.748885586477799403e-01 4.853470331915797829e+02
2.023942585493893375e+03 -3.509801278393182965e-03 1.752074351531131557e-01 4.774587307736169350e+02
2.023996286967791093e+03 -4.131029735618840619e-03 1.755122586681704400e-01 4.696021717729793750e+02
2.024049988441688811e+03 -4.751929983065440906e-03 1.758031277901408451e-01 4.617761895087131165e+02
2.024103689915586529e+03 -5.372455861893508759e-03 1.760801383201172077e-01 4.539796410027093998e+02
2.024157391389484246e+03 -5.992561954761850725e-03 1.763433833398670436e-01 4.462114059003862963e+02
2.024211092863381964e+03 -6.612203548580752530e-03 1.765929532853024453e-01 4.384703854343372882e+02
2.024264794337279454e+03 -7.231336598715292288e-03 1.768289360168112390e-01 4.307555014285097741e+02
2.024318495811177172e+03 -7.849917694560495582e-03 1.770514168865946480e-01 4.230656953404975980e+02
2.024372197285074890e+03 -8.467904026379303312e-03 1.772604788031427736e-01 4.153999273401230994e+02
2.024425898758972608e+03 -9.085253353372586133e-03 1.774562022929932759e-01 4.077571754216842805e+02
2.024479600232870325e+03 -9.701923972874738553e-03 1.776386655598852227e-01 4.001364345483504508e+02
2.024533301706768043e+03 -1.031787469062546425e-02 1.778079445414269266e-01 3.925367158266408296e+02
2.024587003180665761e+03 -1.093306479204535740e-02 1.779641129633895424e-01 3.849570457093473124e+02
2.024640704654563478e+03 -1.154745401446486373e-02 1.781072423917284542e-01 3.773964652251323173e+02
2.024694406128461196e+03 -1.216100252024265339e-02 1.782374022824276538e-01 3.698540292333224784e+02
2.024748107602358914e+03 -1.277367087072389662e-02 1.783546600292650330e-01 3.623288057023552255e+02
2.024801809076256404e+03 -1.338542000098371341e-02 1.784590810095773583e-01 3.548198750105150907e+02
2.024855510550154122e+03 -1.399621119532594091e-02 1.785507286281177997e-01 3.473263292673948399e+02
2.024909212024051840e+03 -1.460600606344735104e-02 1.786296643590684907e-01 3.398472716553256987e+02
2.024962913497949557e+03 -1.521476651728350706e-02 1.786959477862994916e-01 3.323818157888421752e+02
2.025016614971847275e+03 -1.582245474844844527e-02 1.787496366419278060e-01 3.249290850915694477e+02
2.025070316445744993e+03 -1.642903320624989130e-02 1.787907868432505321e-01 3.174882121891700422e+02
2.025124017919642711e+03 -1.703446457623733132e-02 1.788194525281119607e-01 3.100583383173379275e+02
2.025177719393540428e+03 -1.763871175924800264e-02 1.788356860887616306e-01 3.026386127438107678e+02
2.025231420867438146e+03 -1.824173785091489156e-02 1.788395382042610726e-01 2.952281922034312629e+02
2.025285122341335864e+03 -1.884350612160708496e-02 1.788310578714894239e-01 2.878262403452799845e+02
2.025338823815233582e+03 -1.944397999676756444e-02 1.788102924347978739e-01 2.804319271910042630e+02
2.025392525289131072e+03 -2.004312303761753358e-02 1.787772876143612633e-01 2.730444286034793890e+02
2.025446226763028790e+03 -2.064089892221141267e-02 1.787320875332665260e-01 2.656629257647824147e+02
2.025499928236926507e+03 -2.123727142678022428e-02 1.786747347433866873e-01 2.582866046630883261e+02
2.025553629710824225e+03 -2.183220440738112625e-02 1.786052702500715572e-01 2.509146555871218425e+02
2.025607331184721943e+03 -2.242566178179314362e-02 1.785237335356986144e-01 2.435462726278214518e+02
2.025661032658619661e+03 -2.301760751164852459e-02 1.784301625821174131e-01 2.361806531862712575e+02
2.025714734132517378e+03 -2.360800558476836702e-02 1.783245938920161033e-01 2.288169974872312480e+02
2.025768435606415096e+03 -2.419681999768399580e-02 1.782070625092498639e-01 2.214545080975047142e+02
2.025822137080312814e+03 -2.478401473831548865e-02 1.780776020381518443e-01 2.140923894484688503e+02
2.025875838554210532e+03 -2.536955376878815074e-02 1.779362446618593108e-01 2.067298473620429604e+02
2.025929540028108022e+03 -2.595340100835919275e-02 1.777830211596801713e-01 1.993660885794759281e+02
2.025983241502005740e+03 -2.653552031644863460e-02 1.776179609235201684e-01 1.920003202920641456e+02
2.026036942975903457e+03 -2.711587547571406645e-02 1.774410919734015213e-01 1.846317496736170085e+02
2.026090644449801175e+03 -2.769443017520141492e-02 1.772524409720862559e-01 1.772595834133447852e+02
2.026144345923698893e+03 -2.827114799350567351e-02 1.770520332388269558e-01 1.698830272490463642e+02
2.026198047397596611e+03 -2.884599238194374485e-02 1.768398927622651107e-01 1.625012854996640215e+02
2.026251748871494328e+03 -2.941892664771026539e-02 1.766160422124912477e-01 1.551135605966427988e+02
2.026305450345392046e+03 -2.998991393699746918e-02 1.763805029522867163e-01 1.477190526134033917e+02
2.026359151819289764e+03 -3.055891721805835404e-02 1.761332950475555104e-01 1.403169587922658650e+02
2.026412853293187482e+03 -3.112589926419186831e-02 1.758744372769663888e-01 1.329064730681571405e+02
